0;0;0;0;0;0;0
0;0;0;0;0;0;0
0;0;0;0;0;0;0
0;0;0;0;0;0;0
0;0;0;0;0;0;0
0;0;0;0;0;0;0
0;0;0;0;0;0;0
0;0;0;0;0;0;0
0;0;0;0;0;0;0
0;0;0;0;0;0;0
0;0;0;0;0;0;0
0;0;0;0;0;0;0
0;0;0;0;0;0;0
0;0;0;0;0;0;0
0;0;0;0;0;0;0
0;0;0;0;0;0;0
0;0;0;0;0;0;0
0;0;0;0;0;0;0
0;0;0;0;0;0;0
0;0;0;0;0;0;0
0;0;0;0;0;0;0
0.3;0;0;0;0;0;0
0;0;0;0;0;0;0
0;0;0;0;0;0;0
0.5384615384615384;0;0;0;0;0;0
0;0;0;0;0;0;0
0;0;0;0;0;0;0
0;0;0;0;0;0;0
0;0;0;0;0;0;0
3;0;0;0;0;0;0
0.2727272727272727;0;0;0;0;0;0
0;0;0;0;0;0;0
0.16666666666666666;0;0;0;0;0;0
0.14285714285714285;0;0;0;0;0;0
0.15;0;0;0;0;0;0
0;0;0;0;0;0;0
0;0;0;0;0;0;0
0;0;0;0;0;0;0
0.3;0;0;0;0;0;0
0.3076923076923077;0;0;0;0;0;0
0.3125;0;0;0;0;0;0
0.3157894736842105;0;0;0;0;0;0
0.3181818181818182;0;0;0;0;0;0
0.32;0;0;0;0;0;0
0.32142857142857145;0;0;0;0;0;0
0;0;0;0;0;0;0
0;0;0;0;0;0;0
0;0;0;0;0;0;0
0;0;0;0;0;0;0
0;0;0;0;0;0;0
0;0;0;0;0;0;0
0;0;0;0;0;0;0
0.2222222222222222;0;0;0;0;0;0
0;0;0;0;0;0;0
0.125;0;0;0;0;0;0
0;0;0;0;0;0;0
0.027777777777777776;0;0;0;0;0;0
0.07142857142857142;0;0.03571428571428571;0;0;0;0
0;0;0;0;0;0;0
0;0;0;0;0;0;0
0.2727272727272727;0;0;0;0;0;0
0.6;0;0;0;0;0;0
0.4166666666666667;0;0;0;0;0;0
0;0;0;0;0;0;0
0;0;0;0;0;0;0
0;0;0;0;0;0;0
0;0;0;0;0;0;0
0;0;0;0;0;0;0
0;0;0;0;0;0;0
0;0;0;0;0;0;0
0;0;0;0;0;0;0
0;0;0;0;0;0;0
0.2857142857142857;0;0;0;0;0;0
1;0;0;0;0;0;0
1;0;0;0;0;0;0
0;0;0;0;0;0;0
0.3333333333333333;0;0;0;0;0;0
0;0;0;0;0;0;0
0;0;0;0;0;0;0
0.2;0;0;0;0;0;0
0;0;0;0;0;0;0
0;0;0;0;0;0;0
1;0;0;0;0;0;0
0;0;0;0;0;0;0
0;0;0;0;0;0;0
0;0;0;0;0;0;0
0;0;0;0;0;0;0
1;0;0;0;0;0;0
1;0;0;0;0;0;0
0;0;0;0;0;0;0
0;0;0;0;0;0;0
0;0;0;0;0;0;0
0.4166666666666667;0;0;0;0;0;0
0;0;0;0;0;0;0
0;0;0;0;0;0;0
0.3333333333333333;0;0;0;0;0;0
0;0;0;0;0;0;0
0;0;0;0;0;0;0
0;0;0;0;0;0;0
0.4;0.2;0;0;0;0;0
0.03418803418803419;0;0;0;0;0;0
0;0;0;0;0;0;0
0.2;0;0;0;0;0;0
1.5;0;0;0;0;0;0
1.5;0;0;0;0;0;0
1.5;0;0;0;0;0;0
0;0;0;0;0;0;0
0;0;0;0;0;0;0
0;0;0;0;0;0;0
0;0;0;0;0;0;0
0;0;0;0;0;0;0
0;0;0;0;0;0;0
0;0;0;0;0;0;0
0;0;0;0;0;0;0
0;0;0;0;0;0;0
0;0;0;0;0;0;0
0;0;0;0;0;0;0
0;0;0;0;0;0;0
0;0;0;0;0;0;0
0.4;0;0;0;0;0;0
1;0;0;0;0;0;0
0;0;0;0;0;0;0
0.2222222222222222;0;0;0;0;0;0
0.5;0;0;0;0;0;0
0;0;0;0;0;0;0
0.5;0;0;0;0;0;0
0;0;0;0;0;0;0
0;0;0;0;0;0;0
0.030303030303030304;0;0;0;0;0;0
1;0;0;0;0;0;0
0;0;0;0;0;0;0
0;0;0;0;0;0;0
0.2;0;0;0;0;0;0
0;0;0;0;0;0;0
0;0;0;0;0;0;0
0;0;0;0;0;0;0
0.25;0.08333333333333333;0;0;0;0;0
0;0;0;0;0;0;0
0.06944444444444445;0.041666666666666664;0;0;0;0;0
0;0;0;0;0;0;0
0.18181818181818182;0.36363636363636365;0;0;0;0;0
0;0;0;0;0;0;0
0;0;0;0;0;0;0
0;0;0;0;0;0;0
0;0;0;0;0;0;0
0;0;0;0;0;0;0
0;0;0;0;0;0;0
0;0;0;0;0;0;0
0;0;0;0;0;0;0
0;0;0;0;0;0;0
0;0;0;0;0;0;0
0;0;0;0;0;0;0
0;0;0;0;0;0;0
0;0;0;0;0;0;0
0;0;0;0;0;0;0
0;0;0;0;0;0;0
0;0;0;0;0;0;0
0;0;0;0;0;0;0
0;0;0;0;0;0;0
0;0;0;0;0;0;0
0;0;0;0;0;0;0
0;0;0;0;0;0;0
0;0;0;0;0;0;0
0;0;0;0;0;0;0
0;0;0;0;0;0;0
0;0;0;0;0;0;0
0;0;0;0;0;0;0
0;0;0;0;0;0;0
0;0;0;0;0;0;0
0;0;0;0;0;0;0
0;0;0;0;0;0;0
0;0;0;0;0;0;0
0;0;0;0;0;0;0
0;0;0;0;0;0;0
0;0;0;0;0;0;0
0;0;0;0;0;0;0
0;0;0;0;0;0;0
0;0;0;0;0;0;0
0;0;0;0;0;0;0
0;0;0;0;0;0;0
0;0;0;0;0;0;0
0;0;0;0;0;0;0
0;0;0;0;0;0;0
0;0;0;0;0;0;0
0;0;0;0;0;0;0
0;0;0;0;0;0;0
0;0;0;0;0;0;0
0;0;0;0;0;0;0
0;0;0;0;0;0;0
0;0;0;0;0;0;0
0;0;0;0;0;0;0
0;0;0;0;0;0;0
0;0;0;0;0;0;0
0;0;0;0;0;0;0
0;0;0;0;0;0;0
0;0;0;0;0;0;0
0;0;0;0;0;0;0
0;0;0;0;0;0;0
0;0;0;0;0;0;0
0;0;0;0;0;0;0
0;0;0;0;0;0;0
0;0;0;0;0;0;0
0;0;0;0;0;0;0
0;0;0;0;0;0;0
0;0;0;0;0;0;0
0;0;0;0;0;0;0
0;0;0;0;0;0;0
0;0;0;0;0;0;0
0;0;0;0;0;0;0
0;0;0;0;0;0;0
0;0;0;0;0;0;0
0;0;0;0;0;0;0
0;0;0;0;0;0;0
0;0;0;0;0;0;0
0;0;0;0;0;0;0
0;0;0;0;0;0;0
0;0;0;0;0;0;0
0;0;0;0;0;0;0
0;0;0;0;0;0;0
0;0;0;0;0;0;0
0;0;0;0;0;0;0
0;0;0;0;0;0;0
0;0;0;0;0;0;0
0;0;0;0;0;0;0
0;0;0;0;0;0;0
0;0;0;0;0;0;0
0;0;0;0;0;0;0
0;0;0;0;0;0;0
0;0;0;0;0;0;0
0;0;0;0;0;0;0
0;0;0;0;0;0;0
0;0;0;0;0;0;0
0;0;0;0;0;0;0
0;0;0;0;0;0;0
0;0;0;0;0;0;0
0;0;0;0;0;0;0
0;0;0;0;0;0;0
0;0;0;0;0;0;0
0;0;0;0;0;0;0
0;0;0;0;0;0;0
0;0;0;0;0;0;0
0;0;0;0;0;0;0
0;0;0;0;0;0;0
0;0;0;0;0;0;0
0;0;0;0;0;0;0
0;0;0;0;0;0;0
0;0;0;0;0;0;0
0;0;0;0;0;0;0
0;0;0;0;0;0;0
0;0;0;0;0;0;0
0;0;0;0;0;0;0
0;0;0;0;0;0;0
0;0;0;0;0;0;0
0;0;0;0;0;0;0
0;0;0;0;0;0;0
0;0;0;0;0;0;0
0;0;0;0;0;0;0
0;0;0;0;0;0;0
0;0;0;0;0;0;0
0;0;0;0;0;0;0
0;0;0;0;0;0;0
0;0;0;0;0;0;0
0;0;0;0;0;0;0
0;0;0;0;0;0;0
0;0;0;0;0;0;0
0;0;0;0;0;0;0
0;0;0;0;0;0;0
0;0;0;0;0;0;0
0;0;0;0;0;0;0
0;0;0;0;0;0;0
0;0;0;0;0;0;0
0;0;0;0;0;0;0
0;0;0;0;0;0;0
0;0;0;0;0;0;0
0;0;0;0;0;0;0
0;0;0;0;0;0;0
0;0;0;0;0;0;0
0;0;0;0;0;0;0
0;0;0;0;0;0;0
0;0;0;0;0;0;0
0;0;0;0;0;0;0
0;0;0;0;0;0;0
0;0;0;0;0;0;0
0;0;0;0;0;0;0
0;0;0;0;0;0;0
0;0;0;0;0;0;0
0;0;0;0;0;0;0
0;0;0;0;0;0;0
0;0;0;0;0;0;0
0;0;0;0;0;0;0
0;0;0;0;0;0;0
0;0;0;0;0;0;0
0;0;0;0;0;0;0
0;0;0;0;0;0;0
0;0;0;0;0;0;0
0;0;0;0;0;0;0
0;0;0;0;0;0;0
0;0;0;0;0;0;0
0;0;0;0;0;0;0
0;0;0;0;0;0;0
0;0;0;0;0;0;0
0;0;0;0;0;0;0
0;0;0;0;0;0;0
0;0;0;0;0;0;0
0;0;0;0;0;0;0
0;0;0;0;0;0;0
0;0;0;0;0;0;0
0;0;0;0;0;0;0
0;0;0;0;0;0;0
0;0;0;0;0;0;0
0;0;0;0;0;0;0
0;0;0;0;0;0;0
0;0;0;0;0;0;0
0;0;0;0;0;0;0
0;0;0;0;0;0;0
0;0;0;0;0;0;0
0;0;0;0;0;0;0
0;0;0;0;0;0;0
0;0;0;0;0;0;0
0;0;0;0;0;0;0
0;0;0;0;0;0;0
0;0;0;0;0;0;0
0;0;0;0;0;0;0
0;0;0;0;0;0;0
0;0;0;0;0;0;0
0;0;0;0;0;0;0
0;0;0;0;0;0;0
0;0;0;0;0;0;0
0;0;0;0;0;0;0
0;0;0;0;0;0;0
0;0;0;0;0;0;0
0;0;0;0;0;0;0
0;0;0;0;0;0;0
0;0;0;0;0;0;0
0;0;0;0;0;0;0
0;0;0;0;0;0;0
0;0;0;0;0;0;0
0;0;0;0;0;0;0
0;0;0;0;0;0;0
0;0;0;0;0;0;0
0;0;0;0;0;0;0
0;0;0;0;0;0;0
0;0;0;0;0;0;0
0;0;0;0;0;0;0
0;0;0;0;0;0;0
0;0;0;0;0;0;0
0;0;0;0;0;0;0
0;0;0;0;0;0;0
0;0;0;0;0;0;0
0;0;0;0;0;0;0
0;0;0;0;0;0;0
0;0;0;0;0;0;0
0;0;0;0;0;0;0
0;0;0;0;0;0;0
0;0;0;0;0;0;0
0;0;0;0;0;0;0
0;0;0;0;0;0;0
0;0;0;0;0;0;0
0;0;0;0;0;0;0
0;0;0;0;0;0;0
0;0;0;0;0;0;0
0;0;0;0;0;0;0
0;0;0;0;0;0;0
0;0;0;0;0;0;0
0;0;0;0;0;0;0
0;0;0;0;0;0;0
0;0;0;0;0;0;0
0;0;0;0;0;0;0
0;0;0;0;0;0;0
0;0;0;0;0;0;0
0;0;0;0;0;0;0
0;0;0;0;0;0;0
0;0;0;0;0;0;0
0;0;0;0;0;0;0
0;0;0;0;0;0;0
0;0;0;0;0;0;0
0;0;0;0;0;0;0
0;0;0;0;0;0;0
0;0;0;0;0;0;0
0;0;0;0;0;0;0
0;0;0;0;0;0;0
0;0;0;0;0;0;0
0;0;0;0;0;0;0
0;0;0;0;0;0;0
0;0;0;0;0;0;0
0;0;0;0;0;0;0
0;0;0;0;0;0;0
0;0;0;0;0;0;0
0;0;0;0;0;0;0
0;0;0;0;0;0;0
0;0;0;0;0;0;0
0;0;0;0;0;0;0
0;0;0;0;0;0;0
0;0;0;0;0;0;0
0;0;0;0;0;0;0
0;0;0;0;0;0;0
0;0;0;0;0;0;0
0;0;0;0;0;0;0
0;0;0;0;0;0;0
0;0;0;0;0;0;0
0.07142857142857142;0;0;0;0;0;0
0.08333333333333333;0;0;0;0;0;0
1.125;0;0;0;0;0;0
0;0;0;0;0;0;0
0;0;0;0;0;0;0
0;0;0;0;0;0;0
0;0;0;0;0;0;0
0;0;0;0;0;0;0
0;0;0;0;0;0;0
0;0;0;0;0;0;0
0;0;0;0;0;0;0
0;0;0;0;0;0;0
0;0;0;0;0;0;0
0;0;0;0;0;0;0
0;0;0;0;0;0;0
0;0;0;0;0;0;0
0;0;0;0;0;0;0
0;0;0;0;0;0;0
0;0;0;0;0;0;0
0;0;0;0;0;0;0
0.05714285714285714;0;0;0;0;0;0
0;0;0;0;0;0;0
0;0;0;0;0;0;0
0;0;0;0;0;0;0
0;0;0;0;0;0;0
1;0;0;0;0;0;0
0;0;0;0;0;0;0
0;0;0;0;0;0;0
0;0;0;0;0;0;0
0;0;0;0;0;0;0
0;0;0;0;0;0;0
0;0;0;0;0;0;0
0;0;0;0;0;0;0
0;0;0;0;0;0;0
0;0;0;0;0;0;0
0;0;0;0;0;0;0
0;0;0;0;0;0;0
0;0;0;0;0;0;0
0;0;0;0;0;0;0
0;0;0;0;0;0;0
0;0;0;0;0;0;0
0;0;0;0;0;0;0
0;0;0;0;0;0;0
0;0;0;0;0;0;0
0;0;0;0;0;0;0
0;0;0;0;0;0;0
0.25;0;0;0;0;0;0
0.4;0;0;0;0;0;0
0.5;0;0;0;0;0;0
0;0;0;0;0;0;0
0;0;0;0;0;0;0
0;0;0;0;0;0;0
0;0;0;0;0;0;0
0.46153846153846156;0;0;0;0;0;0
0;0;0;0;0;0;0
0;0;0;0;0;0;0
0;0;0;0;0;0;0
0;0;0;0;0;0;0
0.2962962962962963;0;0;0;0;0;0
0;0;0;0;0;0;0
0;0;0;0;0;0;0
0;0;0;0;0;0;0
0;0;0;0;0;0;0
1;0;0;0;0;0;0
0;0;0;0;0;0;0
0;0;0;0;0;0;0
0.2222222222222222;0;0;0;0;0;0
0;0;0;0;0;0;0
0;0;0;0;0;0;0
1;0;0;0;0;0;0
1;0;0;0;0;0;0
0;0;0;0;0;0;0
0;0;0;0;0;0;0
0;0;0;0;0;0;0
0;0;0;0;0;0;0
0;0;0;0;0;0;0
0;0;0;0;0;0;0
0;0;0;0;0;0;0
0;0;0;0;0;0;0
0;0;0;0;0;0;0
1;0;0;0;0;0;0
0;0;0;0;0;0;0
0;0;0;0;0;0;0
0;0;0;0;0;0;0
0;0;0;0;0;0;0
0;0;0;0;0;0;0
0;0;0;0;0;0;0
1;0;0;0;0;0;0
0;0;0;0;0;0;0
0;0;0;0;0;0;0
2;0;0;0;0;0;0
0;0;0;0;0;0;0
0.38461538461538464;0;0;0;0;0;0
0;0;0;0;0;0;0
0.0425531914893617;0;0;0;0;0;0
0;0;0;0;0;0;0
0;0;0;0;0;0;0
0;0;0;0;0;0;0
0.2857142857142857;0;0;0;0;0;0
0;0;0;0;0;0;0
0;0;0;0;0;0;0
1;0;0;0;0;0;0
0.375;0;0;0;0;0;0
0;0;0;0;0;0;0
0;0;0;0;0;0;0
1;0;0;0;0;0;0
0;0;0;0;0;0;0
0;0;0;0;0;0;0
0;0;0;0;0;0;0
0;0;0;0;0;0;0
4;0;0;0;0;0;0
0;0;0;0;0;0;0
0;0;0;0;0;0;0
0;0;0;0;0;0;0
0;0;0;0;0;0;0
0.020833333333333332;0;0;0;0;0;0
0.2;0;0;0;0;0;0
0.18181818181818182;0;0;0;0;0;0
0;0;0;0;0;0;0
0.25;0;0;0;0;0;0
0.22727272727272727;0.06818181818181818;0;0;0;0.13636363636363635;0
0.23076923076923078;0.07692307692307693;0;0;0;0.07692307692307693;0
0.8333333333333334;0.3333333333333333;0;0;0;0;0
0.5;0;0;0;0;0;0
0;0;0;0;0;0;0
0;0;0;0;0;0;0
0;0;0;0;0;0;0
0.5;0;0;0;0;0;0
0.5;0;0;0;0;0;0
0;0;0;0;0;0;0
0.5;0;0;0;0;0;0
0;0;0;0;0;0;0
0;0;0;0;0;0;0
0.5;0;0;0;0;0;0
0;0;0;0;0;0;0
0;0;0;0;0;0;0
0;0;0;0;0;0;0
0;0;0;0;0;0;0
0;0;0;0;0;0;0
0;0;0;0;0;0;0
0;0;0;0;0;0;0
0;0;0;0;0;0;0
0;0;0;0;0;0;0
0;0;0;0;0;0;0
1.5;0;0;0;0;0;0
0;0;0;0;0;0;0
0.8571428571428571;0;0;0;0;0;0
0.8571428571428571;0;0;0;0;0;0
0;0;0;0;0;0;0
0;0;0;0;0;0;0
0;0;0;0;0;0;0
0;0;0;0;0;0;0
0;0;0;0;0;0;0
0;0;0;0;0;0;0
0;0;0;0;0;0;0
0;0;0;0;0;0;0
0;0;0;0;0;0;0
0;0;0;0;0;0;0
0;0;0;0;0;0;0
0.16666666666666666;0;0;0;0;0;0
0;0;0;0;0;0;0
0;0;0;0;0;0;0
0;0;0;0;0;0;0
0;0;0;0;0;0;0
0;0;0;0;0;0;0
1;0;0;0;0;0;0
0;0;0;0;0;0;0
0;0;0;0;0;0;0
1;0;0;0;0;0;0
0;0;0;0;0;0;0
0;0;0;0;0;0;0
0;0;0;0;0;0;0
0.05555555555555555;0;0;0;0;0;0
0;0;0;0;0;0;0
0;0;0;0;0;0;0
0.2222222222222222;0;0;0;0;0;0
0;0;0;0;0;0;0
0;0;0;0;0;0;0
0;0;0;0;0;0;0
0;0;0;0;0;0;0
0;0;0;0;0;0;0
0;0;0;0;0;0;0
0;0;0;0;0;0;0
0;0;0;0;0;0;0
0.20454545454545456;0;0;0;0;0;0
0;0;0;0;0;0;0
0;0;0;0;0;0;0
0;0;0;0;0;0;0
0;0;0;0;0;0;0
0;0;0;0;0;0;0
0;0;0;0;0;0;0
0;0;0;0;0;0;0
0;0;0;0;0;0;0
0;0;0;0;0;0;0
0;0;0;0;0;0;0
0;0;0;0;0;0;0
0;0;0;0;0;0;0
0;0;0;0;0;0;0
0;0;0;0;0;0;0
0;0;0;0;0;0;0
0;0;0;0;0;0;0
0;0;0;0;0;0;0
0;0;0;0;0;0;0
0.34782608695652173;0;0;0;0;0;0
0;0;0;0;0;0;0
0;0;0;0;0;0;0
0;0;0;0;0;0;0
0;0;0;0;0;0;0
3;0;0;0;0;0;0
0.16666666666666666;0;0;0;0;0;0
0;0;0;0;0;0;0
0.3;0;0;0;0;0;0
0;0;0;0;0;0;0
0;0;0;0;0;0;0
0;0;0;0;0;0;0
0;0;0;0;0;0;0
0;0;0;0;0;0;0
0;0;0;0;0;0;0
0;0;0;0;0;0;0
0;0;0;0;0;0;0
0;0;0;0;0;0;0
0;0;0;0;0;0;0
0;0;0;0;0;0;0
0;0;0;0;0;0;0
0;0;0;0;0;0;0
0;0;0;0;0;0;0
0;0;0;0;0;0;0
0;0;0;0;0;0;0
0;0;0;0;0;0;0
0;0;0;0;0;0;0
0;0;0;0;0;0;0
0;0;0;0;0;0;0
1;0;0;0;0;0;0
1;0;0;0;0;0;0
1;0;0;0;0;0;0
1;0;0;0;0;0;0
0;0;0;0;0;0;0
2;0;0;0;0;0;0
2;0;0;0;0;0;0
0;0;0;0;0;0;0
0;0;0;0;0;0;0
0.16666666666666666;0;0;0;0;0;0
0.36363636363636365;0.36363636363636365;0;0;0;0;0
0.25;0.125;0;0;0;0;0
0;0;0;0;0;0;0
0.5;0.18181818181818182;0;0;0;0;0
0.5714285714285714;0;0;0;0;0;0
0;0;0;0;0;0;0
0.25;0;0;0;0;0;0
0;0;0;0;0;0;0
0;0;0;0;0;0;0
0.1875;0;0;0;0;0;0
0;0;0;0;0;0;0
0;0;0;0;0;0;0
0;0;0;0;0;0;0
0;0;0;0;0;0;0
0;0;0;0;0;0;0
0;0;0;0;0;0;0
0;0;0;0;0;0;0
0;0;0;0;0;0;0
0;0;0;0;0;0;0
0;0;0;0;0;0;0
0;0;1;0;0;0;0
0;0;1;0;0;0;0
0;0;1;0;0;0;0
0;0;1;0;0;0;0
0;0;1;0;0;0;0
0;0;0;0;0;0;0
0;0;0;0;0;0;0
1;0;0;0;0;0;0
2;0;0;0;0;0;0
0;0;0;0;0;0;0
0;0;0;0;0;0;0
0;0;0;0;0;0;0
0;0;0;0;0;0;0
1;0;0;0;0;0;0
0.36363636363636365;0.09090909090909091;0;0;0;0;0
0;0;0;0;0;0;0
0;0;0;0;0;0;0
0;0;0;0;0;0;0
0;0;0;0;0;0;0
0;0;0;0;0;0;0
0;0;0;0;0;0;0
0;0;0;0;0;0;0
0;0;0;0;0;0;0
0;0;0;0;0;0;0
0.13333333333333333;0;0;0;0;0;0
0.11764705882352941;0.11764705882352941;0;0;0;0;0
0.5;0;0;0;0;0;0
0.5;0;0;0;0;0;0
0.16666666666666666;0.08333333333333333;0;0;0;0;0
0.2;0;0;0;0;0;0
0;0;0;0;0;0;0
0;0;0;0;0;0;0
0;0;0;0;0;0;0
0;0;0;0;0;0;0
0;0;0;0;0;0;0
0;0;0;0;0;0;0
0;0;0;0;0;0;0
1;0;0;0;0;0;0
0;0;0;0;0;0;0
0;0;0;0;0;0;0
1;0;0;0;0;0;0
1;0;0;0;0;0;0
0;0;0;0;0;0;0
0;0;0;0;0;0;0
0;0;0;0;0;0;0
0;0;0;0;0;0;0
0;0;0;0;0;0;0
0;0;0;0;0;0;0
0.2;0;0;0;0;0;0
0;0;0;0;0;0;0
0;0;0;0;0;0;0
0;0;0;0;0;0;0
0;0;0;0;0;0;0
1;0;0;0;0;0;0
0.043478260869565216;0;0;0;0;0;0
0;0;0;0;0;0;0
0;0;0;0;0;0;0
0;0;0;0;0;0;0
0;0;0;0;0;0;0
0;0;0;0;0;0;0
0;0;0;0;0;0;0
1;0;0;0;0;0;0
0.2;0;0.05;0;0;0;0
0;0;0;0;0;0;0
0;0;0;0;0;0;0
0;0;0;0;0;0;0
0;0;0;0;0;0;0
0;0;0;0;0;0;0
0;0;0;0;0;0;0
1;0;0;0;0;0;0
0.08695652173913043;0;0;0;0;0;0
0;0;0;0;0;0;0
0;0;0;0;0;0;0
0;0;0;0;0;0;0
1;0;0;0;0;0;0
1;0;0;0;0;0;0
0;0;0;0;0;0;0
0;0;0;0;0;0;0
0;0;0;0;0;0;0
0;0;0;0;0;0;0
0;0;0;0;0;0;0
0;0;0;0;0;0;0
2;0;0;0;0;0;0
0;0;0;0;0;0;0
0;0;0;0;0;0;0
0.16666666666666666;0;0;0;0;0;0
0;0;0;0;0;0;0
0.2857142857142857;0;0;0;0;0;0
0;0;0;0;0;0;0
0;0;0;0;0;0;0
0;0;0;0;0;0;0
0;0;0;0;0;0;0
0;0;0;0;0;0;0
0;0;0;0;0;0;0
0.4;0;0;0;0;0;0
0.5;0;0;0;0;0;0
1;0;0;0;0;0;0
1;0;0;0;0;0;0
0;0;0;0;0;0;0
0;0;0;0;0;0;0
0.3333333333333333;0;0;0;0;0;0
0;0;0;0;0;0;0
0;0;0;0;0;0;0
0;0;0;0;0;0;0
0;0;0;0;0;0;0
0;0;0;0;0;0;0
0;0;0;0;0;0;0
0;0;0;0;0;0;0
0;0;0;0;0;0;0
0;0;0;0;0;0;0
0;0;0;0;0;0;0
0;0;0;0;0;0;0
0;0;0;0;0;0;0
0;0;0;0;0;0;0
0;0;0;0;0;0;0
2;0;0;0;0;0;0
0;0;0;0;0;0;0
0;0;0;0;0;0;0
0;0;0;0;0;0;0
1;0;0;0;0;0;0
0.0625;0;0;0;0;0;0
0;0;0;0;0;0;0
0;0;0;0;0;0;0
0.6666666666666666;0.6666666666666666;0;0;0;0;0
0.4827586206896552;0.27586206896551724;0;0;0;0;0
0;0;0;0;0;0;0
0.6;0.2;0;0;0;0;0
0.5;0;0;0;0;0;0
0;0;0;0;0;0;0
0;0;0;0;0;0;0
1;0;0;0;0;0;0
0;0;0;0;0;0;0
1;0;0;0;0;0;0
0;0;0;0;0;0;0
2;0;0;0;0;0;0
0;0;0;0;0;0;0
0;0;0;0;0;0;0
0.2222222222222222;0;0;0;0;0;0
0;0;0;0;0;0;0
0;0;0;0;0;0;0
0;0;0;0;0;0;0
0;0;0;0;0;0;0
0;0;0;0;0;0;0
0;0;0;0;0;0;0
0;0;0;0;0;0;0
0;0;0;0;0;0;0
0;0;0;0;0;0;0
1;0;0;0;0;0;0
0;0;0;0;0;0;0
1;0;0;0;0;0;0
0;0;0;0;0;0;0
1;0;0;0;0;0;0
0;0;0;0;0;0;0
0;0;0;0;0;0;0
0;0;0;0;0;0;0
0;0;0;0;0;0;0
0;0;0;0;0;0;0
0;0;0;0;0;0.04;0
0;0;0;0;0;0;0
0.08333333333333333;0;0;0;0;0.027777777777777776;0
0;0;0;0;0;0;0
0;0;0;0;0;0;0
0;0;0;0;0;0;0
0;0;0;0;0;0;0
0;0;0;0;0;0;0
0;0;0;0;0;0;0
0;0;0;0;0;0;0
0;0;0;0;0;0;0
0;0;0;0;0;0;0
0;0;0;0;0;0;0
0;0;0;0;0;0;0
0;0;0;0;0;0;0
0;0;0;0;0;0;0
0;0;0;0;0;0;0
0;0;0;0;0;0;0
0;0;0;0;0;0;0
0;0;0;0;0;0;0
0;0;0;0;0;0;0
0;0;0;0;0;0;0
0;0;0;0;0;0;0
0;0;0;0;0;0;0
0;0;0;0;0;0;0
0;0;0;0;0;0;0
0;0;0;0;0;0;0
0;0;0;0;0;0;0
0;0;0;0;0;0;0
0;0;0;0;0;0;0
0;0;0;0;0;0;0
0;0;0;0;0;0;0
0;0;0;0;0;0;0
0;0;0;0;0;0;0
0;0;0;0;0;0;0
0;0;0;0;0;0;0
0;0;0;0;0;0;0
0;0;0;0;0;0;0
0;0;0;0;0;0;0
0;0;0;0;0;0;0
0;0;0;0;0;0;0
0;0;0;0;0;0;0
0;0;0;0;0;0;0
0;0;0;0;0;0;0
0;0;0;0;0;0;0
0;0;0;0;0;0;0
0;0;0;0;0;0;0
0;0;0;0;0;0;0
0;0;0;0;0;0;0
0;0;0;0;0;0;0
0;0;0;0;0;0;0
0;0;0;0;0;0;0
0;0;0;0;0;0;0
0;0;0;0;0;0;0
0;0;0;0;0;0;0
0;0;0;0;0;0;0
0;0;0;0;0;0;0
0;0;0;0;0;0;0
0;0;0;0;0;0;0
0;0;0;0;0;0;0
0;0;0;0;0;0;0
1;0;0;0;0;0;0
1;0;0;0;0;0;0
0.027777777777777776;0;0;0;0;0;0
0;0;0;0;0;0;0
0;0;0;0;0;0;0
0.16666666666666666;0;0;0;0;0;0
0.16666666666666666;0;0;0;0;0;0
0;0;0;0;0;0;0
0;0;0;0;0;0;0
0.45454545454545453;0.09090909090909091;0;0;0;0;0
0;0;0;0;0;0;0
0.3157894736842105;0.05263157894736842;0;0;0;0;0
0;0;0;0;0;0;0
0;0;0;0;0;0;0
0.10526315789473684;0;0;0;0;0;0
0;0;0;0;0;0;0
0.18181818181818182;0;0;0;0;0;0
0;0;0;0;0;0;0
0;0;0;0;0;0;0
1;0;0;0;0;0;0
0.15;0;0;0;0;0;0
0;0;0;0;0;0;0
0;0;0;0;0;0;0
0;0;0;0;0;0;0
0;0;0;0;0;0;0
1;0;0;0;0;0;0
1;0;0;0;0;0;0
0;0;0;0;0;0;0
0;0;0;0;0;0;0
0;0;0;0;0;0;0
0;0;0;0;0;0;0
1;0;0;0;0;0;0
1;0;0;0;0;0;0
0;0;0;0;0;0;0
0;0;0;0;0;0;0
0;0;0;0;0;0;0
0;0;0;0;0;0;0
0;0;0;0;0;0;0
0;0;0;0;0;0;0
0;0;0;0;0;0;0
0;0;0;0;0;0;0
0;0;0;0;0;0;0
0;0;0;0;0;0;0
0;0;0;0;0;0;0
0;0;0;0;0;0;0
0;0;0;0;0;0;0
0;0;0;0;0;0;0
0;0;0;0;0;0;0
0;0;0;0;0;0;0
0;0;0;0;0;0;0
0;0;0;0;0;0;0
0;0;0;0;0;0;0
0;0;0;0;0;0;0
0;0;0;0;0;0;0
0.3;0;0;0;0;0;0
0;0;0;0;0;0;0
0;0;0;0;0;0;0
0.5384615384615384;0;0;0;0;0;0
0;0;0;0;0;0;0
0;0;0;0;0;0;0
0;0;0;0;0;0;0
0;0;0;0;0;0;0
3;0;0;0;0;0;0
0.2727272727272727;0;0;0;0;0;0
0;0;0;0;0;0;0
0.16666666666666666;0;0;0;0;0;0
0.14285714285714285;0;0;0;0;0;0
0.15;0;0;0;0;0;0
0;0;0;0;0;0;0
0.03076923076923077;0;0;0;0;0;0
0;0;0;0;0;0;0
0.3;0;0;0;0;0;0
0.3076923076923077;0;0;0;0;0;0
0.3125;0;0;0;0;0;0
0.3157894736842105;0;0;0;0;0;0
0.3181818181818182;0;0;0;0;0;0
0.32;0;0;0;0;0;0
0.32142857142857145;0;0;0;0;0;0
0;0;0;0;0;0;0
0;0;0;0;0;0;0
0;0;0;0;0;0;0
0;0;0;0;0;0;0
0;0;0;0;0;0;0
0;0;0;0;0;0;0
0;0;0;0;0;0;0
0.2222222222222222;0;0;0;0;0;0
0;0;0;0;0;0;0
0.125;0;0;0;0;0;0
0;0;0;0;0;0;0
0.027777777777777776;0;0;0;0;0;0
0.07142857142857142;0;0.03571428571428571;0;0;0;0
0;0;0;0;0;0;0
0;0;0;0;0;0;0
0.2727272727272727;0;0;0;0;0;0
0.6;0;0;0;0;0;0
0.4166666666666667;0;0;0;0;0;0
0;0;0;0;0;0;0
0;0;0;0;0;0;0
0;0;0;0;0;0;0
0;0;0;0;0;0;0
0;0;0;0;0;0;0
0;0;0;0;0;0;0
0;0;0;0;0;0;0
0;0;0;0;0;0;0
0;0;0;0;0;0;0
0.2857142857142857;0;0;0;0;0;0
1;0;0;0;0;0;0
1;0;0;0;0;0;0
1;0;0;0;0;0;0
0.3333333333333333;0;0;0;0;0;0
0;0;0;0;0;0;0
0;0;0;0;0;0;0
0.2;0;0;0;0;0;0
0;0;0;0;0;0;0
0;0;0;0;0;0;0
1;0;0;0;0;0;0
0;0;0;0;0;0;0
0;0;0;0;0;0;0
0;0;0;0;0;0;0
0;0;0;0;0;0;0
1;0;0;0;0;0;0
1;0;0;0;0;0;0
0;0;0;0;0;0;0
0;0;0;0;0;0;0
0;0;0;0;0;0;0
0.4166666666666667;0;0;0;0;0;0
0;0;0;0;0;0;0
0;0;0;0;0;0;0
0.3333333333333333;0;0;0;0;0;0
0;0;0;0;0;0;0
0;0;0;0;0;0;0
0;0;0;0;0;0;0
0.4;0.2;0;0;0;0;0
0.25;0.08333333333333333;0;0;0;0;0
0;0;0;0;0;0;0
0.06944444444444445;0.041666666666666664;0;0;0;0;0
0;0;0;0;0;0;0
0.18181818181818182;0.36363636363636365;0;0;0;0;0
0;0;0;0;0;0;0
0;0;0;0;0;0;0
0;0;0;0;0;0;0
0;0;0;0;0;0;0
0;0;0;0;0;0;0
0;0;0;0;0;0;0
0;0;0;0;0;0;0
0;0;0;0;0;0;0
0;0;0;0;0;0;0
0;0;0;0;0;0;0
0;0;0;0;0;0;0
0;0;0;0;0;0;0
0;0;0;0;0;0;0
0;0;0;0;0;0;0
0;0;0;0;0;0;0
0;0;0;0;0;0;0
0;0;0;0;0;0;0
0;0;0;0;0;0;0
0;0;0;0;0;0;0
0;0;0;0;0;0;0
0;0;0;0;0;0;0
0;0;0;0;0;0;0
0;0;0;0;0;0;0
0;0;0;0;0;0;0
0;0;0;0;0;0;0
0;0;0;0;0;0;0
0;0;0;0;0;0;0
0;0;0;0;0;0;0
0;0;0;0;0;0;0
0;0;0;0;0;0;0
0;0;0;0;0;0;0
0;0;0;0;0;0;0
0;0;0;0;0;0;0
0;0;0;0;0;0;0
0;0;0;0;0;0;0
0;0;0;0;0;0;0
0;0;0;0;0;0;0
0;0;0;0;0;0;0
0;0;0;0;0;0;0
0;0;0;0;0;0;0
0;0;0;0;0;0;0
0;0;0;0;0;0;0
0;0;0;0;0;0;0
0;0;0;0;0;0;0
0;0;0;0;0;0;0
0;0;0;0;0;0;0
0;0;0;0;0;0;0
0;0;0;0;0;0;0
0;0;0;0;0;0;0
0;0;0;0;0;0;0
0;0;0;0;0;0;0
0;0;0;0;0;0;0
0;0;0;0;0;0;0
0;0;0;0;0;0;0
0;0;0;0;0;0;0
0;0;0;0;0;0;0
0;0;0;0;0;0;0
0;0;0;0;0;0;0
0;0;0;0;0;0;0
0;0;0;0;0;0;0
0;0;0;0;0;0;0
0;0;0;0;0;0;0
0;0;0;0;0;0;0
0;0;0;0;0;0;0
0;0;0;0;0;0;0
0;0;0;0;0;0;0
0;0;0;0;0;0;0
0;0;0;0;0;0;0
0;0;0;0;0;0;0
0;0;0;0;0;0;0
0;0;0;0;0;0;0
0;0;0;0;0;0;0
0;0;0;0;0;0;0
0;0;0;0;0;0;0
0;0;0;0;0;0;0
0;0;0;0;0;0;0
0;0;0;0;0;0;0
0;0;0;0;0;0;0
0;0;0;0;0;0;0
0;0;0;0;0;0;0
0;0;0;0;0;0;0
0;0;0;0;0;0;0
0;0;0;0;0;0;0
0;0;0;0;0;0;0
0;0;0;0;0;0;0
0;0;0;0;0;0;0
0;0;0;0;0;0;0
0;0;0;0;0;0;0
0;0;0;0;0;0;0
0;0;0;0;0;0;0
0;0;0;0;0;0;0
0;0;0;0;0;0;0
0;0;0;0;0;0;0
0;0;0;0;0;0;0
0;0;0;0;0;0;0
0;0;0;0;0;0;0
0;0;0;0;0;0;0
0;0;0;0;0;0;0
0;0;0;0;0;0;0
0;0;0;0;0;0;0
0;0;0;0;0;0;0
0;0;0;0;0;0;0
0;0;0;0;0;0;0
0;0;0;0;0;0;0
0;0;0;0;0;0;0
0;0;0;0;0;0;0
0;0;0;0;0;0;0
0;0;0;0;0;0;0
0;0;0;0;0;0;0
0;0;0;0;0;0;0
0;0;0;0;0;0;0
0;0;0;0;0;0;0
0;0;0;0;0;0;0
0;0;0;0;0;0;0
0;0;0;0;0;0;0
0;0;0;0;0;0;0
0;0;0;0;0;0;0
0;0;0;0;0;0;0
0;0;0;0;0;0;0
0;0;0;0;0;0;0
0;0;0;0;0;0;0
0;0;0;0;0;0;0
0;0;0;0;0;0;0
0;0;0;0;0;0;0
0;0;0;0;0;0;0
0;0;0;0;0;0;0
0;0;0;0;0;0;0
0;0;0;0;0;0;0
0;0;0;0;0;0;0
0;0;0;0;0;0;0
0;0;0;0;0;0;0
0;0;0;0;0;0;0
0;0;0;0;0;0;0
0;0;0;0;0;0;0
0;0;0;0;0;0;0
0;0;0;0;0;0;0
0;0;0;0;0;0;0
0;0;0;0;0;0;0
0;0;0;0;0;0;0
0;0;0;0;0;0;0
0;0;0;0;0;0;0
0;0;0;0;0;0;0
0;0;0;0;0;0;0
0;0;0;0;0;0;0
0;0;0;0;0;0;0
0;0;0;0;0;0;0
0;0;0;0;0;0;0
0;0;0;0;0;0;0
0;0;0;0;0;0;0
0;0;0;0;0;0;0
0;0;0;0;0;0;0
0;0;0;0;0;0;0
0;0;0;0;0;0;0
0;0;0;0;0;0;0
0;0;0;0;0;0;0
0;0;0;0;0;0;0
0;0;0;0;0;0;0
0;0;0;0;0;0;0
0;0;0;0;0;0;0
0;0;0;0;0;0;0
0;0;0;0;0;0;0
0;0;0;0;0;0;0
0;0;0;0;0;0;0
0;0;0;0;0;0;0
0;0;0;0;0;0;0
0;0;0;0;0;0;0
0;0;0;0;0;0;0
0;0;0;0;0;0;0
0;0;0;0;0;0;0
0;0;0;0;0;0;0
0;0;0;0;0;0;0
0;0;0;0;0;0;0
0;0;0;0;0;0;0
0;0;0;0;0;0;0
0;0;0;0;0;0;0
0;0;0;0;0;0;0
0;0;0;0;0;0;0
0;0;0;0;0;0;0
0;0;0;0;0;0;0
0;0;0;0;0;0;0
0;0;0;0;0;0;0
0;0;0;0;0;0;0
0;0;0;0;0;0;0
0;0;0;0;0;0;0
0;0;0;0;0;0;0
0;0;0;0;0;0;0
0;0;0;0;0;0;0
0;0;0;0;0;0;0
0;0;0;0;0;0;0
0;0;0;0;0;0;0
0;0;0;0;0;0;0
0;0;0;0;0;0;0
0;0;0;0;0;0;0
0;0;0;0;0;0;0
0;0;0;0;0;0;0
0;0;0;0;0;0;0
0;0;0;0;0;0;0
0;0;0;0;0;0;0
0;0;0;0;0;0;0
0;0;0;0;0;0;0
0;0;0;0;0;0;0
0;0;0;0;0;0;0
0;0;0;0;0;0;0
0;0;0;0;0;0;0
0;0;0;0;0;0;0
0;0;0;0;0;0;0
0;0;0;0;0;0;0
0;0;0;0;0;0;0
0;0;0;0;0;0;0
0;0;0;0;0;0;0
0;0;0;0;0;0;0
0;0;0;0;0;0;0
0;0;0;0;0;0;0
0;0;0;0;0;0;0
0;0;0;0;0;0;0
0;0;0;0;0;0;0
0;0;0;0;0;0;0
0;0;0;0;0;0;0
0;0;0;0;0;0;0
0;0;0;0;0;0;0
0;0;0;0;0;0;0
0;0;0;0;0;0;0
0;0;0;0;0;0;0
0;0;0;0;0;0;0
0;0;0;0;0;0;0
0;0;0;0;0;0;0
0;0;0;0;0;0;0
0;0;0;0;0;0;0
0;0;0;0;0;0;0
0;0;0;0;0;0;0
0;0;0;0;0;0;0
0;0;0;0;0;0;0
0;0;0;0;0;0;0
0;0;0;0;0;0;0
0;0;0;0;0;0;0
0;0;0;0;0;0;0
0;0;0;0;0;0;0
0;0;0;0;0;0;0
0;0;0;0;0;0;0
0;0;0;0;0;0;0
0;0;0;0;0;0;0
0;0;0;0;0;0;0
0;0;0;0;0;0;0
0;0;0;0;0;0;0
0;0;0;0;0;0;0
0;0;0;0;0;0;0
0;0;0;0;0;0;0
0;0;0;0;0;0;0
0;0;0;0;0;0;0
0;0;0;0;0;0;0
0;0;0;0;0;0;0
0;0;0;0;0;0;0
0;0;0;0;0;0;0
0;0;0;0;0;0;0
0;0;0;0;0;0;0
0.07142857142857142;0;0;0;0;0;0
0.08333333333333333;0;0;0;0;0;0
1.125;0;0;0;0;0;0
0;0;0;0;0;0;0
0;0;0;0;0;0;0
0;0;0;0;0;0;0
0;0;0;0;0;0;0
0;0;0;0;0;0;0
0;0;0;0;0;0;0
0;0;0;0;0;0;0
0;0;0;0;0;0;0
0;0;0;0;0;0;0
0;0;0;0;0;0;0
0;0;0;0;0;0;0
0;0;0;0;0;0;0
0;0;0;0;0;0;0
0;0;0;0;0;0;0
0;0;0;0;0;0;0
0;0;0;0;0;0;0
0;0;0;0;0;0;0
0.05714285714285714;0;0;0;0;0;0
0;0;0;0;0;0;0
0;0;0;0;0;0;0
0;0;0;0;0;0;0
0;0;0;0;0;0;0
1;0;0;0;0;0;0
0;0;0;0;0;0;0
0;0;0;0;0;0;0
0.25;0;0;0;0;0;0
0.25;0;0;0;0;0;0
0.25;0;0;0;0;0;0
0.25;0;0;0;0;0;0
0.25;0;0;0;0;0;0
0.25;0;0;0;0;0;0
0.25;0;0;0;0;0;0
0.25;0;0;0;0;0;0
0.25;0;0;0;0;0;0
0.25;0;0;0;0;0;0
0.25;0;0;0;0;0;0
0.25;0;0;0;0;0;0
0.25;0;0;0;0;0;0
0.25;0;0;0;0;0;0
0.25;0;0;0;0;0;0
0.25;0;0;0;0;0;0
0;0;0;0;0;0;0
0;0;0;0;0;0;0
0.25;0;0;0;0;0;0
0.4;0;0;0;0;0;0
0.5;0;0;0;0;0;0
0;0;0;0;0;0;0
0;0;0;0;0;0;0
0;0;0;0;0;0;0
0;0;0;0;0;0;0
0.46153846153846156;0;0;0;0;0;0
0;0;0;0;0;0;0
0;0;0;0;0;0;0
0;0;0;0;0;0;0
0;0;0;0;0;0;0
0.2962962962962963;0;0;0;0;0;0
0;0;0;0;0;0;0
0;0;0;0;0;0;0
0;0;0;0;0;0;0
0;0;0;0;0;0;0
1;0;0;0;0;0;0
0;0;0;0;0;0;0
0;0;0;0;0;0;0
0.2222222222222222;0;0;0;0;0;0
0;0;0;0;0;0;0
0;0;0;0;0;0;0
1;0;0;0;0;0;0
1;0;0;0;0;0;0
0;0;0;0;0;0;0
0;0;0;0;0;0;0
0;0;0;0;0;0;0
0;0;0;0;0;0;0
0;0;0;0;0;0;0
0;0;0;0;0;0;0
0;0;0;0;0;0;0
0;0;0;0;0;0;0
0;0;0;0;0;0;0
1;0;0;0;0;0;0
0;0;0;0;0;0;0
0;0;0;0;0;0;0
0;0;0;0;0;0;0
0;0;0;0;0;0;0
0;0;0;0;0;0;0
0;0;0;0;0;0;0
1;0;0;0;0;0;0
0;0;0;0;0;0;0
0;0;0;0;0;0;0
2;0;0;0;0;0;0
0;0;0;0;0;0;0
0.38461538461538464;0;0;0;0;0;0
0;0;0;0;0;0;0
0.0425531914893617;0;0;0;0;0;0
0;0;0;0;0;0;0
0;0;0;0;0;0;0
0;0;0;0;0;0;0
0.2857142857142857;0;0;0;0;0;0
0;0;0;0;0;0;0
0;0;0;0;0;0;0
1;0;0;0;0;0;0
0.375;0;0;0;0;0;0
0;0;0;0;0;0;0
0;0;0;0;0;0;0
1;0;0;0;0;0;0
0;0;0;0;0;0;0
0;0;0;0;0;0;0
0;0;0;0;0;0;0
0;0;0;0;0;0;0
4;0;0;0;0;0;0
0;0;0;0;0;0;0
0;0;0;0;0;0;0
0;0;0;0;0;0;0
0;0;0;0;0;0;0
0.020833333333333332;0;0;0;0;0;0
0.2;0;0;0;0;0;0
0.18181818181818182;0;0;0;0;0;0
0;0;0;0;0;0;0
0.25;0;0;0;0;0;0
0.22727272727272727;0.06818181818181818;0;0;0;0.13636363636363635;0
0.23076923076923078;0.07692307692307693;0;0;0;0.07692307692307693;0
0.8333333333333334;0.3333333333333333;0;0;0;0;0
0.5;0;0;0;0;0;0
0;0;0;0;0;0;0
0;0;0;0;0;0;0
0;0;0;0;0;0;0
0.5;0;0;0;0;0;0
0.5;0;0;0;0;0;0
0;0;0;0;0;0;0
0.5;0;0;0;0;0;0
0;0;0;0;0;0;0
0;0;0;0;0;0;0
0.5;0;0;0;0;0;0
0;0;0;0;0;0;0
0;0;0;0;0;0;0
0;0;0;0;0;0;0
0;0;0;0;0;0;0
0;0;0;0;0;0;0
0;0;0;0;0;0;0
0;0;0;0;0;0;0
0;0;0;0;0;0;0
0;0;0;0;0;0;0
0;0;0;0;0;0;0
1.5;0;0;0;0;0;0
0;0;0;0;0;0;0
0.8571428571428571;0;0;0;0;0;0
0.8571428571428571;0;0;0;0;0;0
0;0;0;0;0;0;0
0;0;0;0;0;0;0
0;0;0;0;0;0;0
0;0;0;0;0;0;0
0;0;0;0;0;0;0
0;0;0;0;0;0;0
0;0;0;0;0;0;0
0;0;0;0;0;0;0
0;0;0;0;0;0;0
0;0;0;0;0;0;0
0;0;0;0;0;0;0
0.16666666666666666;0;0;0;0;0;0
0;0;0;0;0;0;0
0;0;0;0;0;0;0
0;0;0;0;0;0;0
0;0;0;0;0;0;0
0;0;0;0;0;0;0
1;0;0;0;0;0;0
0;0;0;0;0;0;0
0;0;0;0;0;0;0
1;0;0;0;0;0;0
0;0;0;0;0;0;0
0;0;0;0;0;0;0
0;0;0;0;0;0;0
0.05555555555555555;0;0;0;0;0;0
0;0;0;0;0;0;0
0;0;0;0;0;0;0
0.2222222222222222;0;0;0;0;0;0
0;0;0;0;0;0;0
0;0;0;0;0;0;0
0;0;0;0;0;0;0
0;0;0;0;0;0;0
0;0;0;0;0;0;0
0;0;0;0;0;0;0
0;0;0;0;0;0;0
0;0;0;0;0;0;0
0.20454545454545456;0;0;0;0;0;0
0;0;0;0;0;0;0
0;0;0;0;0;0;0
0;0;0;0;0;0;0
0;0;0;0;0;0;0
0;0;0;0;0;0;0
0;0;0;0;0;0;0
0;0;0;0;0;0;0
0;0;0;0;0;0;0
0;0;0;0;0;0;0
0;0;0;0;0;0;0
0;0;0;0;0;0;0
0;0;0;0;0;0;0
0;0;0;0;0;0;0
0;0;0;0;0;0;0
0;0;0;0;0;0;0
0;0;0;0;0;0;0
0;0;0;0;0;0;0
0;0;0;0;0;0;0
0.34782608695652173;0;0;0;0;0;0
0;0;0;0;0;0;0
0;0;0;0;0;0;0
0;0;0;0;0;0;0
0;0;0;0;0;0;0
3;0;0;0;0;0;0
0.16666666666666666;0;0;0;0;0;0
0;0;0;0;0;0;0
0.3;0;0;0;0;0;0
0;0;0;0;0;0;0
0;0;0;0;0;0;0
0;0;0;0;0;0;0
0;0;0;0;0;0;0
0;0;0;0;0;0;0
0;0;0;0;0;0;0
0;0;0;0;0;0;0
0;0;0;0;0;0;0
0;0;0;0;0;0;0
0;0;0;0;0;0;0
0;0;0;0;0;0;0
0;0;0;0;0;0;0
0;0;0;0;0;0;0
0;0;0;0;0;0;0
0;0;0;0;0;0;0
0;0;0;0;0;0;0
0;0;0;0;0;0;0
0;0;0;0;0;0;0
0;0;0;0;0;0;0
0;0;0;0;0;0;0
1;0;0;0;0;0;0
1;0;0;0;0;0;0
1;0;0;0;0;0;0
1;0;0;0;0;0;0
0;0;0;0;0;0;0
2;0;0;0;0;0;0
2;0;0;0;0;0;0
0;0;0;0;0;0;0
0;0;0;0;0;0;0
0.16666666666666666;0;0;0;0;0;0
0.36363636363636365;0.36363636363636365;0;0;0;0;0
0.25;0.125;0;0;0;0.0625;0
0;0;0;0;0;0;0
0.5;0.18181818181818182;0;0;0;0;0
0.5714285714285714;0;0;0;0;0;0
0;0;0;0;0;0;0
0.25;0;0;0;0;0;0
0;0;0;0;0;0;0
0;0;0;0;0;0;0
0.1875;0;0;0;0;0;0
0;0;0;0;0;0;0
0;0;0;0;0;0;0
0;0;0;0;0;0;0
0;0;0;0;0;0;0
0;0;0;0;0;0;0
0;0;0;0;0;0;0
0;0;0;0;0;0;0
0;0;0;0;0;0;0
0;0;0;0;0;0;0
0;0;0;0;0;0;0
0;0;0;0;0;0;0
0;0;0;0;0;0;0
0;0;0;0;0;0;0
0;0;0;0;0;0;0
0;0;0;0;0;0;0
0;0;0;0;0;0;0
0;0;0;0;0;0;0
1;0;0;0;0;0;0
2;0;0;0;0;0;0
0;0;0;0;0;0;0
0;0;0;0;0;0;0
0;0;0;0;0;0;0
0;0;0;0;0;0;0
1;0;0;0;0;0;0
0.36363636363636365;0.09090909090909091;0;0;0;0;0
0;0;0;0;0;0;0
0;0;0;0;0;0;0
0;0;0;0;0;0;0
0;0;0;0;0;0;0
0;0;0;0;0;0;0
0;0;0;0;0;0;0
0;0;0;0;0;0;0
0;0;0;0;0;0;0
0;0;0;0;0;0;0
0.13333333333333333;0;0;0;0;0;0
0.11764705882352941;0.11764705882352941;0;0;0;0;0
0.5;0;0;0;0;0;0
0.5;0;0;0;0;0;0
0.16666666666666666;0.08333333333333333;0;0;0;0;0
0.2;0;0;0;0;0;0
0;0;0;0;0;0;0
0;0;0;0;0;0;0
0;0;0;0;0;0;0
0;0;0;0;0;0;0
0;0;0;0;0;0;0
0;0;0;0;0;0;0
0;0;0;0;0;0;0
1;0;0;0;0;0;0
0;0;0;0;0;0;0
0;0;0;0;0;0;0
1;0;0;0;0;0;0
1;0;0;0;0;0;0
0;0;0;0;0;0;0
0;0;0;0;0;0;0
0;0;0;0;0;0;0
0;0;0;0;0;0;0
0;0;0;0;0;0;0
0;0;0;0;0;0;0
0.2;0;0;0;0;0;0
0;0;0;0;0;0;0
0;0;0;0;0;0;0
0;0;0;0;0;0;0
0;0;0;0;0;0;0
1;0;0;0;0;0;0
0.043478260869565216;0;0;0;0;0;0
0;0;0;0;0;0;0
0;0;0;0;0;0;0
0;0;0;0;0;0;0
0;0;0;0;0;0;0
0;0;0;0;0;0;0
0;0;0;0;0;0;0
1;0;0;0;0;0;0
0.2;0;0.05;0;0;0;0
0;0;0;0;0;0;0
0;0;0;0;0;0;0
0;0;0;0;0;0;0
0;0;0;0;0;0;0
0;0;0;0;0;0;0
0;0;0;0;0;0;0
1;0;0;0;0;0;0
0.08695652173913043;0;0;0;0;0;0
0;0;0;0;0;0;0
0;0;0;0;0;0;0
0;0;0;0;0;0;0
1;0;0;0;0;0;0
1;0;0;0;0;0;0
0;0;0;0;0;0;0
0;0;0;0;0;0;0
0;0;0;0;0;0;0
0;0;0;0;0;0;0
0;0;0;0;0;0;0
0;0;0;0;0;0;0
2;0;0;0;0;0;0
0;0;0;0;0;0;0
0;0;0;0;0;0;0
0.16666666666666666;0;0;0;0;0;0
0;0;0;0;0;0;0
0.2857142857142857;0;0;0;0;0;0
0;0;0;0;0;0;0
0;0;0;0;0;0;0
0;0;0;0;0;0;0
0;0;0;0;0;0;0
0;0;0;0;0;0;0
0;0;0;0;0;0;0
0.4;0;0;0;0;0;0
0.5;0;0;0;0;0;0
1;0;0;0;0;0;0
1;0;0;0;0;0;0
0;0;0;0;0;0;0
0;0;0;0;0;0;0
0.3333333333333333;0;0;0;0;0;0
0;0;0;0;0;0;0
0;0;0;0;0;0;0
0;0;0;0;0;0;0
0;0;0;0;0;0;0
0;0;0;0;0;0;0
0;0;0;0;0;0;0
0;0;0;0;0;0;0
0;0;0;0;0;0;0
0;0;0;0;0;0;0
0;0;0;0;0;0;0
0;0;0;0;0;0;0
0;0;0;0;0;0;0
0;0;0;0;0;0;0
0;0;0;0;0;0;0
2;0;0;0;0;0;0
0;0;0;0;0;0;0
0;0;0;0;0;0;0
0;0;0;0;0;0;0
1;0;0;0;0;0;0
0.0625;0;0;0;0;0;0
0;0;0;0;0;0;0
0;0;0;0;0;0;0
0.6666666666666666;0.6666666666666666;0;0;0;0;0
0.4827586206896552;0.27586206896551724;0;0;0;0;0
0;0;0;0;0;0;0
0.6;0.2;0;0;0;0;0
0.5;0;0;0;0;0;0
0;0;0;0;0;0;0
0;0;0;0;0;0;0
1;0;0;0;0;0;0
0;0;0;0;0;0;0
1;0;0;0;0;0;0
0;0;0;0;0;0;0
2;0;0;0;0;0;0
0;0;0;0;0;0;0
0;0;0;0;0;0;0
0.2222222222222222;0;0;0;0;0;0
0;0;0;0;0;0;0
0;0;0;0;0;0;0
0;0;0;0;0;0;0
0;0;0;0;0;0;0
0;0;0;0;0;0;0
0;0;0;0;0;0;0
0;0;0;0;0;0;0
0;0;0;0;0;0;0
0;0;0;0;0;0;0
1;0;0;0;0;0;0
0;0;0;0;0;0;0
1;0;0;0;0;0;0
0;0;0;0;0;0;0
1;0;0;0;0;0;0
0;0;0;0;0;0;0
0;0;0;0;0;0;0
0;0;0;0;0;0;0
0;0;0;0;0;0;0
0;0;0;0;0;0;0
0;0;0;0;0;0;0
0;0;0;0;0;0;0
0;0;0;0;0;0;0
0;0;0;0;0;0;0
0;0;0;0;0;0;0
0;0;0;0;0;0;0
0;0;0;0;0;0;0
0;0;0;0;0;0;0
0;0;0;0;0;0;0
0;0;0;0;0;0;0
0;0;0;0;0;0;0
0;0;0;0;0;0;0
0;0;0;0;0;0;0
0;0;0;0;0;0;0
0;0;0;0;0;0;0
0;0;0;0;0;0;0
0;0;0;0;0;0;0
0;0;0;0;0;0;0
0;0;0;0;0;0;0
0;0;0;0;0;0;0
0;0;0;0;0;0;0
0;0;0;0;0;0;0
0;0;0;0;0;0;0
0;0;0;0;0;0;0
0;0;0;0;0;0;0
0;0;0;0;0;0;0
0;0;0;0;0;0;0
0;0;0;0;0;0;0
0;0;0;0;0;0;0
0;0;0;0;0;0;0
0;0;0;0;0;0;0
0;0;0;0;0;0;0
0;0;0;0;0;0;0
0;0;0;0;0;0;0
0;0;0;0;0;0;0
0;0;0;0;0;0;0
0;0;0;0;0;0;0
0;0;0;0;0;0;0
0;0;0;0;0;0;0
0;0;0;0;0;0;0
0;0;0;0;0;0;0
0;0;0;0;0;0;0
0;0;0;0;0;0;0
0;0;0;0;0;0;0
0;0;0;0;0;0;0
0;0;0;0;0;0;0
0;0;0;0;0;0;0
0;0;0;0;0;0;0
0;0;0;0;0;0;0
1;0;0;0;0;0;0
0.027777777777777776;0;0;0;0;0;0
0;0;0;0;0;0;0
0;0;0;0;0;0;0
0.16666666666666666;0;0;0;0;0;0
0.16666666666666666;0;0;0;0;0;0
0;0;0;0;0;0;0
0;0;0;0;0;0;0
0.45454545454545453;0.09090909090909091;0;0;0;0;0
0;0;0;0;0;0;0
0.3157894736842105;0.05263157894736842;0;0;0;0;0
0;0;0;0;0;0;0
0;0;0;0;0;0;0
0.10526315789473684;0;0;0;0;0;0
0;0;0;0;0;0;0
0.18181818181818182;0;0;0;0;0;0
0;0;0;0;0;0;0
0;0;0;0;0;0;0
1;0;0;0;0;0;0
0.15;0;0;0;0;0;0
0;0;0;0;0;0;0
0;0;0;0;0;0;0
0;0;0;0;0;0;0
0;0;0;0;0;0;0
1;0;0;0;0;0;0
1;0;0;0;0;0;0
0;0;0;0;0;0;0
0;0;0;0;0;0;0
0;0;0;0;0;0;0
0;0;0;0;0;0;0
1;0;0;0;0;0;0
1;0;0;0;0;0;0
0;0;0;0;0;0;0
0;0;0;0;0;0;0
0;0;0;0;0;0;0
0;0;0;0;0;0;0
0;0;0;0;0;0;0
0;0;0;0;0;0;0
0;0;0;0;0;0;0
0;0;0;0;0;0;0
0;0;0;0;0;0;0
0;0;0;0;0;0;0
0;0;0;0;0;0;0
0;0;0;0;0;0;0
0;0;0;0;0;0;0
0;0;0;0;0;0;0
0;0;0;0;0;0;0
0;0;0;0;0;0;0
0;0;0;0;0;0;0
0;0;0;0;0;0;0
0;0;0;0;0;0;0
0;0;0;0;0;0;0
0;0;0;0;0;0;0
0.3;0;0;0;0;0;0
0;0;0;0;0;0;0
0;0;0;0;0;0;0
0.5384615384615384;0;0;0;0;0;0
0;0;0;0;0;0;0
0;0;0;0;0;0;0
0;0;0;0;0;0;0
0;0;0;0;0;0;0
3;0;0;0;0;0;0
0.2727272727272727;0;0;0;0;0;0
0;0;0;0;0;0;0
0.16666666666666666;0;0;0;0;0;0
0.14285714285714285;0;0;0;0;0;0
0.15;0;0;0;0;0;0
0;0;0;0;0;0;0
0.03076923076923077;0;0;0;0;0;0
0;0;0;0;0;0;0
0.3;0;0;0;0;0;0
0.3076923076923077;0;0;0;0;0;0
0.3125;0;0;0;0;0;0
0.3157894736842105;0;0;0;0;0;0
0.3181818181818182;0;0;0;0;0;0
0.32;0;0;0;0;0;0
0.32142857142857145;0;0;0;0;0;0
0;0;0;0;0;0;0
0;0;0;0;0;0;0
0;0;0;0;0;0;0
0;0;0;0;0;0;0
0;0;0;0;0;0;0
0;0;0;0;0;0;0
0;0;0;0;0;0;0
0.2222222222222222;0;0;0;0;0;0
0;0;0;0;0;0;0
0.125;0;0;0;0;0;0
0;0;0;0;0;0;0
0.027777777777777776;0;0;0;0;0;0
0.07142857142857142;0;0.03571428571428571;0;0;0;0
0;0;0;0;0;0;0
0;0;0;0;0;0;0
0.2727272727272727;0;0;0;0;0;0
0.6;0;0;0;0;0;0
0.4166666666666667;0;0;0;0;0;0
0;0;0;0;0;0;0
0;0;0;0;0;0;0
0;0;0;0;0;0;0
0;0;0;0;0;0;0
0;0;0;0;0;0;0
0;0;0;0;0;0;0
0;0;0;0;0;0;0
0;0;0;0;0;0;0
0;0;0;0;0;0;0
0.2857142857142857;0;0;0;0;0;0
1;0;0;0;0;0;0
1;0;0;0;0;0;0
1;0;0;0;0;0;0
0.3333333333333333;0;0;0;0;0;0
0;0;0;0;0;0;0
0;0;0;0;0;0;0
0.2;0;0;0;0;0;0
0;0;0;0;0;0;0
0;0;0;0;0;0;0
1;0;0;0;0;0;0
0;0;0;0;0;0;0
0;0;0;0;0;0;0
0;0;0;0;0;0;0
0;0;0;0;0;0;0
1;0;0;0;0;0;0
1;0;0;0;0;0;0
0;0;0;0;0;0;0
0;0;0;0;0;0;0
0;0;0;0;0;0;0
0.4166666666666667;0;0;0;0;0;0
0;0;0;0;0;0;0
0;0;0;0;0;0;0
0.3333333333333333;0;0;0;0;0;0
0;0;0;0;0;0;0
0;0;0;0;0;0;0
0;0;0;0;0;0;0
0.4;0.2;0;0;0;0;0
0.03418803418803419;0;0.008547008547008548;0;0;0;0
0;0;0;0;0;0;0
0.2;0;0;0;0;0;0
1.5;0;0;0;0;0;0
1.5;0;0;0;0;0;0
1.5;0;0;0;0;0;0
0;0;0;0;0;0;0
0;0;0;0;0;0;0
0;0;0;0;0;0;0
0;0;0;0;0;0;0
0;0;0;0;0;0;0
0;0;0;0;0;0;0
0;0;0;0;0;0;0
0;0;0;0;0;0;0
0;0;0;0;0;0;0
0;0;0;0;0;0;0
0;0;0;0;0;0;0
0.06349206349206349;0;0;0;0;0;0
0;0;0;0;0;0;0
0.4;0;0;0;0;0;0
2;0;0;0;0;0;0
0;0;0;0;0;0;0
0.2222222222222222;0;0;0;0;0;0
0.5;0;0;0;0;0;0
0;0;0;0;0;0;0
0.5;0;0;0;0;0;0
0;0;0;0;0;0;0
0;0;0;0;0;0;0
0.030303030303030304;0;0;0;0;0;0
1;0;0;0;0;0;0
0;0;0;0;0;0;0
0;0;0;0;0;0;0
0.2;0;0;0;0;0;0
0;0;0;0;0;0;0
0;0;0;0;0;0;0
0;0;0;0;0;0;0
0.25;0.08333333333333333;0;0;0;0;0
0;0;0;0;0;0;0
0.06944444444444445;0.041666666666666664;0;0;0;0;0
0;0;0;0;0;0;0
0.18181818181818182;0.36363636363636365;0;0;0;0;0
0;0;0;0;0;0;0
0;0;0;0;0;0;0
0;0;0;0;0;0;0
0;0;0;0;0;0;0
0;0;0;0;0;0;0
0;0;0;0;0;0;0
0;0;0;0;0;0;0
0;0;0;0;0;0;0
0;0;0;0;0;0;0
0;0;0;0;0;0;0
0;0;0;0;0;0;0
0;0;0;0;0;0;0
0;0;0;0;0;0;0
0;0;0;0;0;0;0
0;0;0;0;0;0;0
0;0;0;0;0;0;0
0;0;0;0;0;0;0
0;0;0;0;0;0;0
0;0;0;0;0;0;0
0;0;0;0;0;0;0
0;0;0;0;0;0;0
0;0;0;0;0;0;0
0;0;0;0;0;0;0
0;0;0;0;0;0;0
0;0;0;0;0;0;0
0;0;0;0;0;0;0
0;0;0;0;0;0;0
0;0;0;0;0;0;0
0;0;0;0;0;0;0
0;0;0;0;0;0;0
0;0;0;0;0;0;0
0;0;0;0;0;0;0
0;0;0;0;0;0;0
0;0;0;0;0;0;0
0;0;0;0;0;0;0
0;0;0;0;0;0;0
0;0;0;0;0;0;0
0;0;0;0;0;0;0
0;0;0;0;0;0;0
0;0;0;0;0;0;0
0;0;0;0;0;0;0
0;0;0;0;0;0;0
0;0;0;0;0;0;0
0;0;0;0;0;0;0
0;0;0;0;0;0;0
0;0;0;0;0;0;0
0;0;0;0;0;0;0
0;0;0;0;0;0;0
0;0;0;0;0;0;0
0;0;0;0;0;0;0
0;0;0;0;0;0;0
0;0;0;0;0;0;0
0;0;0;0;0;0;0
0;0;0;0;0;0;0
0;0;0;0;0;0;0
0;0;0;0;0;0;0
0;0;0;0;0;0;0
0;0;0;0;0;0;0
0;0;0;0;0;0;0
0;0;0;0;0;0;0
0;0;0;0;0;0;0
0;0;0;0;0;0;0
0;0;0;0;0;0;0
0;0;0;0;0;0;0
0;0;0;0;0;0;0
0;0;0;0;0;0;0
0;0;0;0;0;0;0
0;0;0;0;0;0;0
0;0;0;0;0;0;0
0;0;0;0;0;0;0
0;0;0;0;0;0;0
0;0;0;0;0;0;0
0;0;0;0;0;0;0
0;0;0;0;0;0;0
0;0;0;0;0;0;0
0;0;0;0;0;0;0
0;0;0;0;0;0;0
0;0;0;0;0;0;0
0;0;0;0;0;0;0
0;0;0;0;0;0;0
0;0;0;0;0;0;0
0;0;0;0;0;0;0
0;0;0;0;0;0;0
0;0;0;0;0;0;0
0;0;0;0;0;0;0
0;0;0;0;0;0;0
0;0;0;0;0;0;0
0;0;0;0;0;0;0
0;0;0;0;0;0;0
0;0;0;0;0;0;0
0;0;0;0;0;0;0
0;0;0;0;0;0;0
0;0;0;0;0;0;0
0;0;0;0;0;0;0
0;0;0;0;0;0;0
0;0;0;0;0;0;0
0;0;0;0;0;0;0
0;0;0;0;0;0;0
0;0;0;0;0;0;0
0;0;0;0;0;0;0
0;0;0;0;0;0;0
0;0;0;0;0;0;0
0;0;0;0;0;0;0
0;0;0;0;0;0;0
0;0;0;0;0;0;0
0;0;0;0;0;0;0
0;0;0;0;0;0;0
0;0;0;0;0;0;0
0;0;0;0;0;0;0
0;0;0;0;0;0;0
0;0;0;0;0;0;0
0;0;0;0;0;0;0
0;0;0;0;0;0;0
0;0;0;0;0;0;0
0;0;0;0;0;0;0
0;0;0;0;0;0;0
0;0;0;0;0;0;0
0;0;0;0;0;0;0
0;0;0;0;0;0;0
0;0;0;0;0;0;0
0;0;0;0;0;0;0
0;0;0;0;0;0;0
0;0;0;0;0;0;0
0;0;0;0;0;0;0
0;0;0;0;0;0;0
0;0;0;0;0;0;0
0;0;0;0;0;0;0
0;0;0;0;0;0;0
0;0;0;0;0;0;0
0;0;0;0;0;0;0
0;0;0;0;0;0;0
0;0;0;0;0;0;0
0;0;0;0;0;0;0
0;0;0;0;0;0;0
0;0;0;0;0;0;0
0;0;0;0;0;0;0
0;0;0;0;0;0;0
0;0;0;0;0;0;0
0;0;0;0;0;0;0
0;0;0;0;0;0;0
0;0;0;0;0;0;0
0;0;0;0;0;0;0
0;0;0;0;0;0;0
0;0;0;0;0;0;0
0;0;0;0;0;0;0
0;0;0;0;0;0;0
0;0;0;0;0;0;0
0;0;0;0;0;0;0
0;0;0;0;0;0;0
0;0;0;0;0;0;0
0;0;0;0;0;0;0
0;0;0;0;0;0;0
0;0;0;0;0;0;0
0;0;0;0;0;0;0
0;0;0;0;0;0;0
0;0;0;0;0;0;0
0;0;0;0;0;0;0
0;0;0;0;0;0;0
0;0;0;0;0;0;0
0;0;0;0;0;0;0
0;0;0;0;0;0;0
0;0;0;0;0;0;0
0;0;0;0;0;0;0
0;0;0;0;0;0;0
0;0;0;0;0;0;0
0;0;0;0;0;0;0
0;0;0;0;0;0;0
0;0;0;0;0;0;0
0;0;0;0;0;0;0
0;0;0;0;0;0;0
0;0;0;0;0;0;0
0;0;0;0;0;0;0
0;0;0;0;0;0;0
0;0;0;0;0;0;0
0;0;0;0;0;0;0
0;0;0;0;0;0;0
0;0;0;0;0;0;0
0;0;0;0;0;0;0
0;0;0;0;0;0;0
0;0;0;0;0;0;0
0;0;0;0;0;0;0
0;0;0;0;0;0;0
0;0;0;0;0;0;0
0;0;0;0;0;0;0
0;0;0;0;0;0;0
0;0;0;0;0;0;0
0;0;0;0;0;0;0
0;0;0;0;0;0;0
0;0;0;0;0;0;0
0;0;0;0;0;0;0
0;0;0;0;0;0;0
0;0;0;0;0;0;0
0;0;0;0;0;0;0
0;0;0;0;0;0;0
0;0;0;0;0;0;0
0;0;0;0;0;0;0
0;0;0;0;0;0;0
0;0;0;0;0;0;0
0;0;0;0;0;0;0
0;0;0;0;0;0;0
0;0;0;0;0;0;0
0;0;0;0;0;0;0
0;0;0;0;0;0;0
0;0;0;0;0;0;0
0;0;0;0;0;0;0
0;0;0;0;0;0;0
0;0;0;0;0;0;0
0;0;0;0;0;0;0
0;0;0;0;0;0;0
0;0;0;0;0;0;0
0;0;0;0;0;0;0
0;0;0;0;0;0;0
0;0;0;0;0;0;0
0;0;0;0;0;0;0
0;0;0;0;0;0;0
0;0;0;0;0;0;0
0;0;0;0;0;0;0
0;0;0;0;0;0;0
0;0;0;0;0;0;0
0;0;0;0;0;0;0
0;0;0;0;0;0;0
0;0;0;0;0;0;0
0;0;0;0;0;0;0
0;0;0;0;0;0;0
0;0;0;0;0;0;0
0;0;0;0;0;0;0
0;0;0;0;0;0;0
0;0;0;0;0;0;0
0;0;0;0;0;0;0
0;0;0;0;0;0;0
0;0;0;0;0;0;0
0;0;0;0;0;0;0
0;0;0;0;0;0;0
0;0;0;0;0;0;0
0;0;0;0;0;0;0
0;0;0;0;0;0;0
0;0;0;0;0;0;0
0;0;0;0;0;0;0
0;0;0;0;0;0;0
0;0;0;0;0;0;0
0;0;0;0;0;0;0
0;0;0;0;0;0;0
0;0;0;0;0;0;0
0;0;0;0;0;0;0
0;0;0;0;0;0;0
0;0;0;0;0;0;0
0;0;0;0;0;0;0
0;0;0;0;0;0;0
0;0;0;0;0;0;0
0;0;0;0;0;0;0
0;0;0;0;0;0;0
0;0;0;0;0;0;0
0;0;0;0;0;0;0
0;0;0;0;0;0;0
0;0;0;0;0;0;0
0;0;0;0;0;0;0
0;0;0;0;0;0;0
0;0;0;0;0;0;0
0;0;0;0;0;0;0
0.07142857142857142;0;0;0;0;0;0
0.08333333333333333;0;0;0;0;0;0
1.125;0;0;0;0;0;0
0;0;0;0;0;0;0
0;0;0;0;0;0;0
0;0;0;0;0;0;0
0;0;0;0;0;0;0
0;0;0;0;0;0;0
0;0;0;0;0;0;0
0;0;0;0;0;0;0
0;0;0;0;0;0;0
0;0;0;0;0;0;0
0;0;0;0;0;0;0
0;0;0;0;0;0;0
0;0;0;0;0;0;0
0;0;0;0;0;0;0
0;0;0;0;0;0;0
0;0;0;0;0;0;0
0;0;0;0;0;0;0
0;0;0;0;0;0;0
0.05714285714285714;0;0;0;0;0;0
0;0;0;0;0;0;0
0;0;0;0;0;0;0
0;0;0;0;0;0;0
0;0;0;0;0;0;0
1;0;0;0;0;0;0
0;0;0;0;0;0;0
0;0;0;0;0;0;0
0.25;0;0;0;0;0;0
0.25;0;0;0;0;0;0
0.25;0;0;0;0;0;0
0.25;0;0;0;0;0;0
0.25;0;0;0;0;0;0
0.25;0;0;0;0;0;0
0.25;0;0;0;0;0;0
0.25;0;0;0;0;0;0
0.25;0;0;0;0;0;0
0.25;0;0;0;0;0;0
0.25;0;0;0;0;0;0
0.25;0;0;0;0;0;0
0.25;0;0;0;0;0;0
0.25;0;0;0;0;0;0
0.25;0;0;0;0;0;0
0.25;0;0;0;0;0;0
0;0;0;0;0;0;0
0;0;0;0;0;0;0
0.25;0;0;0;0;0;0
0.4;0;0;0;0;0;0
0.5;0;0;0;0;0;0
0;0;0;0;0;0;0
0;0;0;0;0;0;0
0;0;0;0;0;0;0
0;0;0;0;0;0;0
0.46153846153846156;0;0;0;0;0;0
0;0;0;0;0;0;0
0;0;0;0;0;0;0
0;0;0;0;0;0;0
0;0;0;0;0;0;0
0.2962962962962963;0;0;0;0;0;0
0;0;0;0;0;0;0
0;0;0;0;0;0;0
0;0;0;0;0;0;0
0;0;0;0;0;0;0
1;0;0;0;0;0;0
0;0;0;0;0;0;0
0;0;0;0;0;0;0
0.2222222222222222;0;0;0;0;0;0
0;0;0;0;0;0;0
0;0;0;0;0;0;0
1;0;0;0;0;0;0
1;0;0;0;0;0;0
0;0;0;0;0;0;0
0;0;0;0;0;0;0
0;0;0;0;0;0;0
0;0;0;0;0;0;0
0;0;0;0;0;0;0
0;0;0;0;0;0;0
0;0;0;0;0;0;0
0;0;0;0;0;0;0
0;0;0;0;0;0;0
1;0;0;0;0;0;0
0;0;0;0;0;0;0
0;0;0;0;0;0;0
0;0;0;0;0;0;0
0;0;0;0;0;0;0
0;0;0;0;0;0;0
0;0;0;0;0;0;0
1;0;0;0;0;0;0
0;0;0;0;0;0;0
0;0;0;0;0;0;0
2;0;0;0;0;0;0
0;0;0;0;0;0;0
0.38461538461538464;0;0;0;0;0;0
0;0;0;0;0;0;0
0.0425531914893617;0;0;0;0;0;0
0;0;0;0;0;0;0
0;0;0;0;0;0;0
0;0;0;0;0;0;0
0.2857142857142857;0;0;0;0;0;0
0;0;0;0;0;0;0
0;0;0;0;0;0;0
1;0;0;0;0;0;0
0.375;0;0;0;0;0;0
0;0;0;0;0;0;0
0;0;0;0;0;0;0
1;0;0;0;0;0;0
0;0;0;0;0;0;0
0;0;0;0;0;0;0
0;0;0;0;0;0;0
0;0;0;0;0;0;0
4;0;0;0;0;0;0
0;0;0;0;0;0;0
0;0;0;0;0;0;0
0;0;0;0;0;0;0
0;0;0;0;0;0;0
0.020833333333333332;0;0;0;0;0;0
0.2;0;0;0;0;0;0
0.18181818181818182;0;0;0;0;0;0
0;0;0;0;0;0;0
0.25;0;0;0;0;0;0
0.22727272727272727;0.06818181818181818;0;0;0;0.13636363636363635;0
0.23076923076923078;0.07692307692307693;0;0;0;0.07692307692307693;0
0.8333333333333334;0.3333333333333333;0;0;0;0;0
0.5;0;0;0;0;0;0
0;0;0;0;0;0;0
0;0;0;0;0;0;0
0;0;0;0;0;0;0
0.5;0;0;0;0;0;0
0.5;0;0;0;0;0;0
0;0;0;0;0;0;0
0.5;0;0;0;0;0;0
0;0;0;0;0;0;0
0;0;0;0;0;0;0
0.5;0;0;0;0;0;0
0;0;0;0;0;0;0
0;0;0;0;0;0;0
0;0;0;0;0;0;0
0;0;0;0;0;0;0
0;0;0;0;0;0;0
0;0;0;0;0;0;0
0;0;0;0;0;0;0
0;0;0;0;0;0;0
0;0;0;0;0;0;0
0;0;0;0;0;0;0
1.5;0;0;0;0;0;0
0;0;0;0;0;0;0
0.8571428571428571;0;0;0;0;0;0
0.8571428571428571;0;0;0;0;0;0
0;0;0;0;0;0;0
0;0;0;0;0;0;0
0;0;0;0;0;0;0
0;0;0;0;0;0;0
0;0;0;0;0;0;0
0;0;0;0;0;0;0
0;0;0;0;0;0;0
0;0;0;0;0;0;0
0;0;0;0;0;0;0
0;0;0;0;0;0;0
0;0;0;0;0;0;0
0.16666666666666666;0;0;0;0;0;0
0;0;0;0;0;0;0
0;0;0;0;0;0;0
0;0;0;0;0;0;0
0;0;0;0;0;0;0
0;0;0;0;0;0;0
1;0;0;0;0;0;0
0;0;0;0;0;0;0
0;0;0;0;0;0;0
1;0;0;0;0;0;0
0;0;0;0;0;0;0
0;0;0;0;0;0;0
0;0;0;0;0;0;0
0.05555555555555555;0;0;0;0;0;0
0;0;0;0;0;0;0
0;0;0;0;0;0;0
0.2222222222222222;0;0;0;0;0;0
0;0;0;0;0;0;0
0;0;0;0;0;0;0
0;0;0;0;0;0;0
0;0;0;0;0;0;0
0;0;0;0;0;0;0
0;0;0;0;0;0;0
0;0;0;0;0;0;0
0;0;0;0;0;0;0
0.20454545454545456;0;0;0;0;0;0
0;0;0;0;0;0;0
0;0;0;0;0;0;0
0;0;0;0;0;0;0
0;0;0;0;0;0;0
0;0;0;0;0;0;0
0;0;0;0;0;0;0
0;0;0;0;0;0;0
0;0;0;0;0;0;0
0;0;0;0;0;0;0
0;0;0;0;0;0;0
0;0;0;0;0;0;0
0;0;0;0;0;0;0
0;0;0;0;0;0;0
0;0;0;0;0;0;0
0;0;0;0;0;0;0
0;0;0;0;0;0;0
0;0;0;0;0;0;0
0;0;0;0;0;0;0
0.34782608695652173;0;0;0;0;0;0
0;0;0;0;0;0;0
0;0;0;0;0;0;0
0;0;0;0;0;0;0
0;0;0;0;0;0;0
3;0;0;0;0;0;0
0.16666666666666666;0;0;0;0;0;0
0;0;0;0;0;0;0
0.3;0;0;0;0;0;0
0;0;0;0;0;0;0
0;0;0;0;0;0;0
0;0;0;0;0;0;0
0;0;0;0;0;0;0
0;0;0;0;0;0;0
0;0;0;0;0;0;0
0;0;0;0;0;0;0
0;0;0;0;0;0;0
0;0;0;0;0;0;0
0;0;0;0;0;0;0
0;0;0;0;0;0;0
0;0;0;0;0;0;0
0;0;0;0;0;0;0
0;0;0;0;0;0;0
0;0;0;0;0;0;0
0;0;0;0;0;0;0
0;0;0;0;0;0;0
0;0;0;0;0;0;0
0;0;0;0;0;0;0
0;0;0;0;0;0;0
1;0;0;0;0;0;0
1;0;0;0;0;0;0
1;0;0;0;0;0;0
1;0;0;0;0;0;0
0;0;0;0;0;0;0
2;0;0;0;0;0;0
2;0;0;0;0;0;0
0;0;0;0;0;0;0
0;0;0;0;0;0;0
0.16666666666666666;0;0;0;0;0;0
0.36363636363636365;0.36363636363636365;0;0;0;0;0
0.25;0.125;0;0;0;0.0625;0
0;0;0;0;0;0;0
0.5;0.18181818181818182;0;0;0;0;0
0.5714285714285714;0;0;0;0;0;0
0;0;0;0;0;0;0
0.25;0;0;0;0;0;0
0;0;0;0;0;0;0
0;0;0;0;0;0;0
0.1875;0;0;0;0;0;0
0;0;0;0;0;0;0
0;0;0;0;0;0;0
0;0;0;0;0;0;0
0;0;0;0;0;0;0
0;0;0;0;0;0;0
0;0;0;0;0;0;0
0;0;0;0;0;0;0
0;0;0;0;0;0;0
0;0;0;0;0;0;0
0;0;0;0;0;0;0
0;0;0;0;0;0;0
0;0;0;0;0;0;0
0;0;0;0;0;0;0
0;0;0;0;0;0;0
0;0;0;0;0;0;0
0;0;0;0;0;0;0
0;0;0;0;0;0;0
1;0;0;0;0;0;0
2;0;0;0;0;0;0
0;0;0;0;0;0;0
0;0;0;0;0;0;0
0;0;0;0;0;0;0
0;0;0;0;0;0;0
1;0;0;0;0;0;0
0.36363636363636365;0.09090909090909091;0;0;0;0;0
0;0;0;0;0;0;0
0;0;0;0;0;0;0
0;0;0;0;0;0;0
0;0;0;0;0;0;0
0;0;0;0;0;0;0
0;0;0;0;0;0;0
0;0;0;0;0;0;0
0;0;0;0;0;0;0
0;0;0;0;0;0;0
0.13333333333333333;0;0;0;0;0;0
0.11764705882352941;0.11764705882352941;0;0;0;0;0
0.5;0;0;0;0;0;0
0.5;0;0;0;0;0;0
0.16666666666666666;0.08333333333333333;0;0;0;0;0
0.2;0;0;0;0;0;0
0;0;0;0;0;0;0
0;0;0;0;0;0;0
0;0;0;0;0;0;0
0;0;0;0;0;0;0
0;0;0;0;0;0;0
0;0;0;0;0;0;0
0;0;0;0;0;0;0
1;0;0;0;0;0;0
0;0;0;0;0;0;0
0;0;0;0;0;0;0
1;0;0;0;0;0;0
1;0;0;0;0;0;0
0;0;0;0;0;0;0
0;0;0;0;0;0;0
0;0;0;0;0;0;0
0;0;0;0;0;0;0
0;0;0;0;0;0;0
0;0;0;0;0;0;0
0.2;0;0;0;0;0;0
0;0;0;0;0;0;0
0;0;0;0;0;0;0
0;0;0;0;0;0;0
0;0;0;0;0;0;0
1;0;0;0;0;0;0
0.043478260869565216;0;0;0;0;0;0
0;0;0;0;0;0;0
0;0;0;0;0;0;0
0;0;0;0;0;0;0
0;0;0;0;0;0;0
0;0;0;0;0;0;0
0;0;0;0;0;0;0
1;0;0;0;0;0;0
0.2;0;0.05;0;0;0;0
0;0;0;0;0;0;0
0;0;0;0;0;0;0
0;0;0;0;0;0;0
0;0;0;0;0;0;0
0;0;0;0;0;0;0
0;0;0;0;0;0;0
1;0;0;0;0;0;0
0.08695652173913043;0;0;0;0;0;0
0;0;0;0;0;0;0
0;0;0;0;0;0;0
0;0;0;0;0;0;0
1;0;0;0;0;0;0
1;0;0;0;0;0;0
0;0;0;0;0;0;0
0;0;0;0;0;0;0
0;0;0;0;0;0;0
0;0;0;0;0;0;0
0;0;0;0;0;0;0
0;0;0;0;0;0;0
2;0;0;0;0;0;0
0;0;0;0;0;0;0
0;0;0;0;0;0;0
0.16666666666666666;0;0;0;0;0;0
0;0;0;0;0;0;0
0.2857142857142857;0;0;0;0;0;0
0;0;0;0;0;0;0
0;0;0;0;0;0;0
0;0;0;0;0;0;0
0;0;0;0;0;0;0
0;0;0;0;0;0;0
0;0;0;0;0;0;0
0.4;0;0;0;0;0;0
0.5;0;0;0;0;0;0
1;0;0;0;0;0;0
1;0;0;0;0;0;0
0;0;0;0;0;0;0
0;0;0;0;0;0;0
0.3333333333333333;0;0;0;0;0;0
0;0;0;0;0;0;0
0;0;0;0;0;0;0
0;0;0;0;0;0;0
0;0;0;0;0;0;0
0;0;0;0;0;0;0
0;0;0;0;0;0;0
0;0;0;0;0;0;0
0;0;0;0;0;0;0
0;0;0;0;0;0;0
0;0;0;0;0;0;0
0;0;0;0;0;0;0
0;0;0;0;0;0;0
0;0;0;0;0;0;0
0;0;0;0;0;0;0
2;0;0;0;0;0;0
0;0;0;0;0;0;0
0;0;0;0;0;0;0
0;0;0;0;0;0;0
1;0;0;0;0;0;0
0.0625;0;0;0;0;0;0
0;0;0;0;0;0;0
0;0;0;0;0;0;0
0.6666666666666666;0.6666666666666666;0;0;0;0;0
0.4827586206896552;0.27586206896551724;0;0;0;0;0
0;0;0;0;0;0;0
0.6;0.2;0;0;0;0;0
0.5;0;0;0;0;0;0
0;0;0;0;0;0;0
0;0;0;0;0;0;0
1;0;0;0;0;0;0
0;0;0;0;0;0;0
1;0;0;0;0;0;0
0;0;0;0;0;0;0
2;0;0;0;0;0;0
0;0;0;0;0;0;0
0;0;0;0;0;0;0
0.2222222222222222;0;0;0;0;0;0
0;0;0;0;0;0;0
0;0;0;0;0;0;0
0;0;0;0;0;0;0
0;0;0;0;0;0;0
0;0;0;0;0;0;0
0;0;0;0;0;0;0
0;0;0;0;0;0;0
0;0;0;0;0;0;0
0;0;0;0;0;0;0
1;0;0;0;0;0;0
0;0;0;0;0;0;0
1;0;0;0;0;0;0
0;0;0;0;0;0;0
1;0;0;0;0;0;0
0;0;0;0;0;0;0
0;0;0;0;0;0;0
0;0;0;0;0;0;0
0;0;0;0;0;0;0
0;0;0;0;0;0;0
0;0;0;0;0;0.01639344262295082;0
0.03333333333333333;0;0;0;0;0;0
0.08333333333333333;0;0;0;0;0.027777777777777776;0
0;0;0;0;0;0;0
0;0;0;0;0;0;0
0;0;0;0;0;0;0
0;0;0;0;0;0;0
0;0;0;0;0;0;0
0;0;0;0;0;0;0
0;0;0;0;0;0;0
0;0;0;0;0;0;0
0;0;0;0;0;0;0
0;0;0;0;0;0;0
0;0;0;0;0;0;0
0;0;0;0;0;0;0
0;0;0;0;0;0;0
0;0;0;0;0;0;0
0;0;0;0;0;0;0
0;0;0;0;0;0;0
0;0;0;0;0;0;0
0;0;0;0;0;0;0
0;0;0;0;0;0;0
0;0;0;0;0;0;0
0;0;0;0;0;0;0
0;0;0;0;0;0;0
0;0;0;0;0;0;0
0;0;0;0;0;0;0
0;0;0;0;0;0;0
0;0;0;0;0;0;0
0;0;0;0;0;0;0
0;0;0;0;0;0;0
0;0;0;0;0;0;0
0;0;0;0;0;0;0
0;0;0;0;0;0;0
0;0;0;0;0;0;0
0;0;0;0;0;0;0
0;0;0;0;0;0;0
0;0;0;0;0;0;0
0;0;0;0;0;0;0
0;0;0;0;0;0;0
0;0;0;0;0;0;0
0;0;0;0;0;0;0
0;0;0;0;0;0;0
0;0;0;0;0;0;0
0;0;0;0;0;0;0
0;0;0;0;0;0;0
0;0;0;0;0;0;0
0;0;0;0;0;0;0
0;0;0;0;0;0;0
0;0;0;0;0;0;0
0;0;0;0;0;0;0
0;0;0;0;0;0;0
0;0;0;0;0;0;0
0;0;0;0;0;0;0
0;0;0;0;0;0;0
0;0;0;0;0;0;0
0;0;0;0;0;0;0
0;0;0;0;0;0;0
0;0;0;0;0;0;0
0;0;0;0;0;0;0
0;0;0;0;0;0;0
1;0;0;0;0;0;0
1;0;2;0;0;0;0
0.027777777777777776;0;0;0;0;0;0
0;0;0;0;0;0;0
0;0;0;0;0;0;0
0.16666666666666666;0;0;0;0;0;0
0.16666666666666666;0;0;0;0;0;0
0;0;0;0;0;0;0
0;0;0;0;0;0;0
0.45454545454545453;0.09090909090909091;0;0;0;0;0
0;0;0;0;0;0;0
0.3157894736842105;0.05263157894736842;0;0;0;0;0
0;0;0;0;0;0;0
0;0;0;0;0;0;0
0.10526315789473684;0;0;0;0;0;0
0;0;0;0;0;0;0
0.18181818181818182;0;0;0;0;0;0
0;0;0;0;0;0;0
0;0;0;0;0;0;0
1;0;0;0;0;0;0
0.15;0;0;0;0;0;0
0;0;0;0;0;0;0
0;0;0;0;0;0;0
0;0;0;0;0;0;0
0;0;0;0;0;0;0
1;0;0;0;0;0;0
1;0;0;0;0;0;0
0;0;0;0;0;0;0
0;0;0;0;0;0;0
0;0;0;0;0;0;0
0;0;0;0;0;0;0
1;0;0;0;0;0;0
1;0;0;0;0;0;0
0.058823529411764705;0;0.014705882352941176;0;0;0;0
0;0;0;0;0;0;0
0;0;0;0;0;0;0
0;0;0;0;0;0;0
0.05555555555555555;0;0;0;0;0;0
0;0;0;0;0;0;0
0.16666666666666666;0;0;0;0;0;0
0.16666666666666666;0;0;0;0;0;0
0;0;0;0;0;0;0
1;0;0;0;0;0;0
1;0;0;0;0;0;0
1;0;0;0;0;0;0
0.5;0;0;0;0;0;0
0.6666666666666666;0;0;0;0;0;0
0.1111111111111111;0;0;0;0;0;0
0;0;0;0;0;0;0
0;0;0;0;0;0;0
0;0;0;0;0;0;0
0;0;0;0;0;0;0
0;0;0;0;0;0;0
0;0;0;0;0;0;0
2;0;0;0;0;0;0
0;0;0;0;0;0;0
0;0;0;0;0;0;0
0;0;0;0;0;0;0
2;0;0;0;0;0;0
2;0;0;0;0;0;0
0;0;0;0;0;0;0
0;0;0;0;0;0;0
2;0;0;0;0;0;0
0;0;0;0;0;0;0
0;0;0;0;0;0;1
0;0;0;0;0;0;1
0;0;0;0;0;0;1
0;0;0;0;0;0;1
0;0;0;0;0;0;1
0;0;0;0;0;0;1
0;0;0;0;0;0;1
0;0;0;0;0;0;1
0;0;0;0;0;0;1
0;0;0;0;0;0;1
0;0;0;0;0;0;1
0;0;0;0;0;0;1
0;0;0;0;0;0;1
0;0;0;0;0;0;1
0;0;0;0;0;0;1
0;0;0;0;0;0;1
0;0;0;0;0;0;1
0;0;0;0;0;0;1
0;0;0;0;0;0;1
0;0;0;0;0;0;1
0;0;0;0;0;0;1
0;0;0;0;0;0;1
0;0;0;0;0;0;1
0;0;0;0;0;0;1
0.07547169811320754;0;0;0;0;0;1
0;0;0;0;0;0;1
0;0;0;0;0;0;1
0;0;0;0;0;0;1
0;0;0;0;0;0;1
0;0;0;0;0;0;1
0.07547169811320754;0;0;0;0;0;1
0;0;0;0;0;0;1
0;0;0;0;0;0;1
0;0;0;0;0;0;1
0;0;0;0;0;0;1
0;0;0;0;0;0;1
0.07547169811320754;0;0;0;0;0;1
0;0;0;0;0;0;1
0;0;0;0;0;0;1
0;0;0;0;0;0;1
0.07547169811320754;0;0;0;0;0;1
0;0;0;0;0;0;1
0;0;0;0;0;0;1
0;0;0;0;0;0;1
0;0;0;0;0;0;1
0;0;0;0;0;0;1
0.07547169811320754;0;0;0;0;0;1
0;0;0;0;0;0;1
0;0;0;0;0;0;1
0;0;0;0;0;0;1
0;0;0;0;0;0;1
0;0;0;0;0;0;1
0.07547169811320754;0;0;0;0;0;1
0;0;0;0;0;0;1
0;0;0;0;0;0;1
0;0;0;0;0;0;1
0.07547169811320754;0;0;0;0;0;1
0;0;0;0;0;0;1
0;0;0;0;0;0;1
0;0;0;0;0;0;1
0;0;0;0;0;0;1
0;0;0;0;0;0;1
0.07547169811320754;0;0;0;0;0;1
0;0;0;0;0;0;1
0;0;0;0;0;0;1
0;0;0;0;0;0;1
0;0;0;0;0;0;1
0;0;0;0;0;0;1
0.07547169811320754;0;0;0;0;0;1
0;0;0;0;0;0;1
0;0;0;0;0;0;1
0;0;0;0;0;0;1
0.07547169811320754;0;0;0;0;0;1
0;0;0;0;0;0;1
0;0;0;0;0;0;1
0;0;0;0;0;0;1
0.07547169811320754;0;0;0;0;0;1
0;0;0;0;0;0;1
0;0;0;0;0;0;1
0.07547169811320754;0;0;0;0;0;1
0;0;0;0;0;0;1
0;0;0;0;0;0;1
0;0;0;0;0;0;1
0.07547169811320754;0;0;0;0;0;1
0;0;0;0;0;0;1
0;0;0;0;0;0;1
0.07547169811320754;0;0;0;0;0;1
0;0;0;0;0;0;1
0;0;0;0;0;0;1
0;0;0;0;0;0;1
0.07547169811320754;0;0;0;0;0;1
0;0;0;0;0;0;1
0;0;0;0;0;0;1
0.3157894736842105;0.05263157894736842;0;0;0;0;1
0;0;0;0;0;0;1
0.11764705882352941;0;0;0;0;0;1
0;0;0;0;0;0;1
0.2;0;0;0;0;0;1
0;0;0;0;0;0;1
0.3157894736842105;0.05263157894736842;0;0;0;0;1
0;0;0;0;0;0;1
0.11764705882352941;0;0;0;0;0;1
0;0;0;0;0;0;1
0.2;0;0;0;0;0;1
0;0;0;0;0;0;1
0.3157894736842105;0.05263157894736842;0;0;0;0;1
0;0;0;0;0;0;1
0.11764705882352941;0;0;0;0;0;1
0;0;0;0;0;0;1
0.2;0;0;0;0;0;1
0;0;0;0;0;0;1
0.3157894736842105;0.05263157894736842;0;0;0;0;1
0;0;0;0;0;0;1
0.11764705882352941;0;0;0;0;0;1
0;0;0;0;0;0;1
0.2;0;0;0;0;0;1
0;0;0;0;0;0;1
0.3157894736842105;0.05263157894736842;0;0;0;0;1
0;0;0;0;0;0;1
0.11764705882352941;0;0;0;0;0;1
0;0;0;0;0;0;1
0.2;0;0;0;0;0;1
0;0;0;0;0;0;1
0.3157894736842105;0.05263157894736842;0;0;0;0;1
0;0;0;0;0;0;1
0.11764705882352941;0;0;0;0;0;1
0;0;0;0;0;0;1
0.2;0;0;0;0;0;1
0;0;0;0;0;0;1
0.07142857142857142;0;0;0;0;0;1
0;0;0;0;0;0;1
0.07142857142857142;0;0;0;0;0;1
0;0;0;0;0;0;1
0.07142857142857142;0;0;0;0;0;1
0;0;0;0;0;0;1
0.07142857142857142;0;0;0;0;0;1
0;0;0;0;0;0;1
0.07142857142857142;0;0;0;0;0;1
0;0;0;0;0;0;1
0.07142857142857142;0;0;0;0;0;1
0;0;0;0;0;0;1
0.18181818181818182;0;0;0;0;0;1
0;0;0;0;0;0;1
0.18181818181818182;0;0;0;0;0;1
0;0;0;0;0;0;1
0.18181818181818182;0;0;0;0;0;1
0;0;0;0;0;0;1
0.18181818181818182;0;0;0;0;0;1
0;0;0;0;0;0;1
0.18181818181818182;0;0;0;0;0;1
0;0;0;0;0;0;1
0.18181818181818182;0;0;0;0;0;1
0;0;0;0;0;0;1
0.3333333333333333;0;0;0;0;0;1
0;0;0;0;0;0;1
0.375;0;0;0;0;0;1
0;0;0;0;0;0;1
0.3333333333333333;0;0;0;0;0;1
0;0;0;0;0;0;1
0.375;0;0;0;0;0;1
0;0;0;0;0;0;1
0.3333333333333333;0;0;0;0;0;1
0;0;0;0;0;0;1
0.375;0;0;0;0;0;1
0;0;0;0;0;0;1
0.3333333333333333;0;0;0;0;0;1
0;0;0;0;0;0;1
0.375;0;0;0;0;0;1
0;0;0;0;0;0;1
0.3333333333333333;0;0;0;0;0;1
0;0;0;0;0;0;1
0.375;0;0;0;0;0;1
0;0;0;0;0;0;1
0.3333333333333333;0;0;0;0;0;1
0;0;0;0;0;0;1
0.375;0;0;0;0;0;1
0;0;0;0;0;0;1
0.25;0;0;0;0;0;1
0.2857142857142857;0;0;0;0;0;1
0.25;0;0;0;0;0;1
0.2857142857142857;0;0;0;0;0;1
0.25;0;0;0;0;0;1
0.2857142857142857;0;0;0;0;0;1
0.25;0;0;0;0;0;1
0.2857142857142857;0;0;0;0;0;1
0.25;0;0;0;0;0;1
0.2857142857142857;0;0;0;0;0;1
0.25;0;0;0;0;0;1
0.2857142857142857;0;0;0;0;0;1
0;0;0;0;0;0;1
0;0;0;0;0;0;1
0;0;0;0;0;0;1
0;0;0;0;0;0;1
0;0;0;0;0;0;1
0;0;0;0;0;0;1
0;0;0;0;0;0;1
0;0;0;0;0;0;1
0;0;0;0;0;0;1
0;0;0;0;0;0;1
0;0;0;0;0;0;1
0;0;0;0;0;0;1
0;0;0;0;0;0;1
0.02702702702702703;0;0;0;0;0;1
0.06896551724137931;0;0;0;0;0;1
0;0;0;0;0;0;1
0.02702702702702703;0;0;0;0;0;1
0.06896551724137931;0;0;0;0;0;1
0;0;0;0;0;0;1
0.02702702702702703;0;0;0;0;0;1
0.06896551724137931;0;0;0;0;0;1
0;0;0;0;0;0;1
0.02702702702702703;0;0;0;0;0;1
0.06896551724137931;0;0;0;0;0;1
0;0;0;0;0;0;1
0.02702702702702703;0;0;0;0;0;1
0.06896551724137931;0;0;0;0;0;1
0;0;0;0;0;0;1
0.02702702702702703;0;0;0;0;0;1
0.06896551724137931;0;0;0;0;0;1
0;0;0;0;0;0;1
0.02702702702702703;0;0;0;0;0;1
0.06896551724137931;0;0;0;0;0;1
0;0;0;0;0;0;1
0.02702702702702703;0;0;0;0;0;1
0.06896551724137931;0;0;0;0;0;1
0;0;0;0;0;0;1
0.02702702702702703;0;0;0;0;0;1
0.06896551724137931;0;0;0;0;0;1
0;0;0;0;0;0;1
0.02702702702702703;0;0;0;0;0;1
0.06896551724137931;0;0;0;0;0;1
0;0;0;0;0;0;1
0.02702702702702703;0;0;0;0;0;1
0.06896551724137931;0;0;0;0;0;1
0;0;0;0;0;0;1
0.02702702702702703;0;0;0;0;0;1
0.06896551724137931;0;0;0;0;0;1
0;0;0;0;0;0;1
0.05194805194805195;0;0;0;0;0;1
0;0;0;0;0;0;1
0;0;0;0;0;0;1
0;0;0;0;0;0;1
3;0;0;0;0;0;1
0.1111111111111111;0;0;0;0;0;1
0;0;0;0;0;0;1
0;0;0;0;0;0;1
0;0;0;0;0;0;1
0;0;0;0;0;0;1
0;0;0;0;0;0;1
0.14285714285714285;0;0;0;0;0;1
0.125;0.125;0;0;0;0;1
0;0;0;0;0;0;1
0;0;0;0;0;0;1
0;0;0;0;0;0;1
0.05194805194805195;0;0;0;0;0;1
0;0;0;0;0;0;1
0;0;0;0;0;0;1
0;0;0;0;0;0;1
3;0;0;0;0;0;1
0.1111111111111111;0;0;0;0;0;1
0;0;0;0;0;0;1
0;0;0;0;0;0;1
0;0;0;0;0;0;1
0;0;0;0;0;0;1
0;0;0;0;0;0;1
0.14285714285714285;0;0;0;0;0;1
0.125;0.125;0;0;0;0;1
0;0;0;0;0;0;1
0;0;0;0;0;0;1
0;0;0;0;0;0;1
0.05194805194805195;0;0;0;0;0;1
0;0;0;0;0;0;1
0;0;0;0;0;0;1
3;0;0;0;0;0;1
0;0;0;0;0;0;1
0;0;0;0;0;0;1
0.05194805194805195;0;0;0;0;0;1
0;0;0;0;0;0;1
0;0;0;0;0;0;1
3;0;0;0;0;0;1
0;0;0;0;0;0;1
0;0;0;0;0;0;1
0;0;0;0;0;0;1
0;0;0;0;0;0;1
0;0;0;0;0;0;1
0;0;0;0;0;0;1
0.01282051282051282;0;0;0;0;0;1
0;0;0;0;0;0;1
0;0;0;0;0;0;1
1;0;0;0;0;0;1
0;0;0;0;0;0;1
1;0;0;0;0;0;1
0;0;0;0;0;0;1
0.01282051282051282;0;0;0;0;0;1
0;0;0;0;0;0;1
0;0;0;0;0;0;1
1;0;0;0;0;0;1
0;0;0;0;0;0;1
1;0;0;0;0;0;1
0;0;0;0;0;0;1
0.01282051282051282;0;0;0;0;0;1
0;0;0;0;0;0;1
0;0;0;0;0;0;1
1;0;0;0;0;0;1
0;0;0;0;0;0;1
1;0;0;0;0;0;1
0;0;0;0;0;0;1
0.01282051282051282;0;0;0;0;0;1
0;0;0;0;0;0;1
0;0;0;0;0;0;1
1;0;0;0;0;0;1
0;0;0;0;0;0;1
1;0;0;0;0;0;1
0;0;0;0;0;0;1
0.012987012987012988;0;0;0;0;0;1
0;0;0;0;0;0;1
0;0;0;0;0;0;1
0;0;0;0;0;0;1
0;0;0;0;0;0;1
0.07692307692307693;0.07692307692307693;0;0;0;0;1
0;0;0;0;0;0;1
0.07692307692307693;0.07692307692307693;0;0;0;0;1
0;0;0;0;0;0;1
0.012987012987012988;0;0;0;0;0;1
0;0;0;0;0;0;1
0;0;0;0;0;0;1
0;0;0;0;0;0;1
0;0;0;0;0;0;1
0.07692307692307693;0.07692307692307693;0;0;0;0;1
0;0;0;0;0;0;1
0.07692307692307693;0.07692307692307693;0;0;0;0;1
0;0;0;0;0;0;1
0.012987012987012988;0;0;0;0;0;1
0;0;0;0;0;0;1
0;0;0;0;0;0;1
0;0;0;0;0;0;1
0;0;0;0;0;0;1
0;0;0;0;0;0;1
0;0;0;0;0;0;1
0.012987012987012988;0;0;0;0;0;1
0;0;0;0;0;0;1
0;0;0;0;0;0;1
0;0;0;0;0;0;1
0;0;0;0;0;0;1
0;0;0;0;0;0;1
0;0;0;0;0;0;1
0.13333333333333333;0;0;0;0;0;1
0;0;0;0;0;0;1
0.13333333333333333;0;0;0;0;0;1
0;0;0;0;0;0;1
0.13333333333333333;0;0;0;0;0;1
0;0;0;0;0;0;1
0.13333333333333333;0;0;0;0;0;1
0;0;0;0;0;0;1
0.13333333333333333;0;0;0;0;0;1
0;0;0;0;0;0;1
0.13333333333333333;0;0;0;0;0;1
0;0;0;0;0;0;1
0.13333333333333333;0;0;0;0;0;1
0;0;0;0;0;0;1
0.13333333333333333;0;0;0;0;0;1
0;0;0;0;0;0;1
0.13333333333333333;0;0;0;0;0;1
0;0;0;0;0;0;1
0.13333333333333333;0;0;0;0;0;1
0;0;0;0;0;0;1
0.13333333333333333;0;0;0;0;0;1
0;0;0;0;0;0;1
0.13333333333333333;0;0;0;0;0;1
0;0;0;0;0;0;1
0;0;0;0;0;0;1
0;0;0;0;0;0;1
0;0;0;0;0;0;1
0;0;0;0;0;0;1
0;0;0;0;0;0;1
0;0;0;0;0;0;1
0;0;0;0;0;0;1
0;0;0;0;0;0;1
0;0;0;0;0;0;1
0;0;0;0;0;0;1
0;0;0;0;0;0;1
0;0;0;0;0;0;1
0;0;0;0;0;0;1
0;0;0;0;0;0;1
0;0;0;0;0;0;1
0;0;0;0;0;0;1
0;0;0;0;0;0;1
0;0;0;0;0;0;1
0;0;0;0;0;0;1
0;0;0;0;0;0;1
0;0;0;0;0;0;1
0;0;0;0;0;0;1
0;0;0;0;0;0;1
0;0;0;0;0;0;1
0;0;0;0;0;0;1
0;0;0;0;0;0;1
0;0;0;0;0;0;1
0;0;0;0;0;0;1
0;0;0;0;0;0;1
0;0;0;0;0;0;1
0;0;0;0;0;0;1
0;0;0;0;0;0;1
0;0;0;0;0;0;1
0;0;0;0;0;0;1
0;0;0;0;0;0;1
0;0;0;0;0;0;1
0;0;0;0;0;0;1
0;0;0;0;0;0;1
0;0;0;0;0;0;1
0;0;0;0;0;0;1
0;0;0;0;0;0;1
0;0;0;0;0;0;1
0;0;0;0;0;0;1
0;0;0;0;0;0;1
0;0;0;0;0;0;1
0;0;0;0;0;0;1
0;0;0;0;0;0;1
0;0;0;0;0;0;1
0;0;0;0;0;0;1
0;0;0;0;0;0;1
0;0;0;0;0;0;1
0;0;0;0;0;0;1
0;0;0;0;0;0;1
0;0;0;0;0;0;1
0;0;0;0;0;0;1
0;0;0;0;0;0;1
0;0;0;0;0;0;1
0;0;0;0;0;0;1
0;0;0;0;0;0;1
0;0;0;0;0;0;1
0;0;0;0;0;0;1
0;0;0;0;0;0;1
0;0;0;0;0;0;1
0;0;0;0;0;0;1
0;0;0;0;0;0;1
0;0;0;0;0;0;1
0;0;0;0;0;0;1
0;0;0;0;0;0;1
0;0;0;0;0;0;1
0;0;0;0;0;0;1
0;0;0;0;0;0;1
0;0;0;0;0;0;1
0;0;0;0;0;0;1
0;0;0;0;0;0;1
0;0;0;0;0;0;1
0;0;0;0;0;0;1
0;0;0;0;0;0;1
0;0;0;0;0;0;1
0;0;0;0;0;0;1
0;0;0;0;0;0;1
0;0;0;0;0;0;1
0;0;0;0;0;0;1
0;0;0;0;0;0;1
0;0;0;0;0;0;1
0;0;0;0;0;0;1
0;0;0;0;0;0;1
0;0;0;0;0;0;1
0;0;0;0;0;0;1
0;0;0;0;0;0;1
0;0;0;0;0;0;1
0;0;0;0;0;0;1
0;0;0;0;0;0;1
0;0;0;0;0;0;1
0;0;0;0;0;0;1
0;0;0;0;0;0;1
0;0;0;0;0;0;1
0;0;0;0;0;0;1
0;0;0;0;0;0;1
0;0;0;0;0;0;1
0;0;0;0;0;0;1
0;0;0;0;0;0;1
0;0;0;0;0;0;1
0;0;0;0;0;0;1
0;0;0;0;0;0;1
0;0;0;0;0;0;1
0;0;0;0;0;0;1
0;0;0;0;0;0;1
0;0;0;0;0;0;1
0;0;0;0;0;0;1
0;0;0;0;0;0;1
0;0;0;0;0;0;1
0;0;0;0;0;0;1
0;0;0;0;0;0;1
0;0;0;0;0;0;1
0;0;0;0;0;0;1
0;0;0;0;0;0;1
0;0;0;0;0;0;1
0;0;0;0;0;0;1
0;0;0;0;0;0;1
0;0;0;0;0;0;1
0;0;0;0;0;0;1
0;0;0;0;0;0;1
0;0;0;0;0;0;1
0;0;0;0;0;0;1
1;0;0;0;0;0;1
0;0;0;0;0;0;1
1;0;0;0;0;0;1
0;0;0;0;0;0;1
0;0;0;0;0;0;1
0;0;0;0;0;0;1
0;0;0;0;0;0;1
0;0;0;0;0;0;1
0;0;0;0;0;0;1
0;0;0;0;0;0;1
0;0;0;0;0;0;1
0;0;0;0;0;0;1
0;0;0;0;0;0;1
0;0;0;0;0;0;1
0;0;0;0;0;0;1
0;0;0;0;0;0;1
0;0;0;0;0;0;1
0;0;0;0;0;0;1
0;0;0;0;0;0;1
0;0;0;0;0;0;1
0;0;0;0;0;0;1
0;0;0;0;0;0;1
0;0;0;0;0;0;1
0;0;0;0;0;0;1
0;0;0;0;0;0;1
0;0;0;0;0;0;1
0;0;0;0;0;0;1
0;0;0;0;0;0;1
0;0;0;0;0;0;1
0;0;0;0;0;0;1
0;0;0;0;0;0;1
0;0;0;0;0;0;1
0;0;0;0;0;0;1
0;0;0;0;0;0;1
0;0;0;0;0;0;1
0;0;0;0;0;0;1
0;0;0;0;0;0;1
0;0;0;0;0;0;1
0;0;0;0;0;0;1
0;0;0;0;0;0;1
0;0;0;0;0;0;1
0;0;0;0;0;0;1
0;0;0;0;0;0;1
0;0;0;0;0;0;1
0;0;0;0;0;0;1
0;0;0;0;0;0;1
0;0;0;0;0;0;1
0;0;0;0;0;0;1
0;0;0;0;0;0;1
0;0;0;0;0;0;1
0;0;0;0;0;0;1
0;0;0;0;0;0;1
0;0;0;0;0;0;1
0;0;0;0;0;0;1
0;0;0;0;0;0;1
0;0;0;0;0;0;1
0;0;0;0;0;0;1
0;0;0;0;0;0;1
0;0;0;0;0;0;1
0;0;0;0;0;0;1
0;0;0;0;0;0;1
0;0;0;0;0;0;1
0;0;0;0;0;0;1
0;0;0;0;0;0;1
0;0;0;0;0;0;1
0;0;0;0;0;0;1
0;0;0;0;0;0;1
0;0;0;0;0;0;1
0;0;0;0;0;0;1
0;0;0;0;0;0;1
0;0;0;0;0;0;1
0;0;0;0;0;0;1
0;0;0;0;0;0;1
0;0;0;0;0;0;1
0;0;0;0;0;0;1
0;0;0;0;0;0;1
0;0;0;0;0;0;1
0;0;0;0;0;0;1
0;0;0;0;0;0;1
0;0;0;0;0;0;1
0;0;0;0;0;0;1
0;0;0;0;0;0;1
0;0;0;0;0;0;1
0;0;0;0;0;0;1
0;0;0;0;0;0;1
0;0;0;0;0;0;1
0;0;0;0;0;0;1
0;0;0;0;0;0;1
0;0;0;0;0;0;1
0;0;0;0;0;0;1
0;0;0;0;0;0;1
0;0;0;0;0;0;1
0;0;0;0;0;0;1
0;0;0;0;0;0;1
0;0;0;0;0;0;1
0;0;0;0;0;0;1
0;0;0;0;0;0;1
0;0;0;0;0;0;1
0;0;0;0;0;0;1
0;0;0;0;0;0;1
0;0;0;0;0;0;1
0;0;0;0;0;0;1
0;0;0;0;0;0;1
0;0;0;0;0;0;1
0;0;0;0;0;0;1
0;0;0;0;0;0;1
0;0;0;0;0;0;1
0;0;0;0;0;0;1
0;0;0;0;0;0;1
0;0;0;0;0;0;1
0;0;0;0;0;0;1
0;0;0;0;0;0;1
0;0;0;0;0;0;1
0;0;0;0;0;0;1
0;0;0;0;0;0;1
0;0;0;0;0;0;1
0;0;0;0;0;0;1
0;0;0;0;0;0;1
0;0;0;0;0;0;1
0;0;0;0;0;0;1
0;0;0;0;0;0;1
0;0;0;0;0;0;1
0;0;0;0;0;0;1
0;0;0;0;0;0;1
0;0;0;0;0;0;1
0;0;0;0;0;0;1
0;0;0;0;0;0;1
0;0;0;0;0;0;1
0;0;0;0;0;0;1
0;0;0;0;0;0;1
0;0;0;0;0;0;1
0;0;0;0;0;0;1
0;0;0;0;0;0;1
0;0;0;0;0;0;1
0;0;0;0;0;0;1
0;0;0;0;0;0;1
0;0;0;0;0;0;1
0;0;0;0;0;0;1
0;0;0;0;0;0;1
0;0;0;0;0;0;1
0;0;0;0;0;0;1
0;0;0;0;0;0;1
0;0;0;0;0;0;1
0;0;0;0;0;0;1
0;0;0;0;0;0;1
0;0;0;0;0;0;1
0;0;0;0;0;0;1
0;0;0;0;0;0;1
0;0;0;0;0;0;1
0;0;0;0;0;0;1
0;0;0;0;0;0;1
0;0;0;0;0;0;1
0;0;0;0;0;0;1
0;0;0;0;0;0;1
0;0;0;0;0;0;1
0;0;0;0;0;0;1
0;0;0;0;0;0;1
0;0;0;0;0;0;1
0;0;0;0;0;0;1
0;0;0;0;0;0;1
0;0;0;0;0;0;1
0;0;0;0;0;0;1
0;0;0;0;0;0;1
0;0;0;0;0;0;1
0;0;0;0;0;0;1
0;0;0;0;0;0;1
0;0;0;0;0;0;1
0;0;0;0;0;0;1
0;0;0;0;0;0;1
0;0;0;0;0;0;1
0;0;0;0;0;0;1
0;0;0;0;0;0;1
0;0;0;0;0;0;1
0;0;0;0;0;0;1
0;0;0;0;0;0;1
0;0;0;0;0;0;1
0;0;0;0;0;0;1
0;0;0;0;0;0;1
0;0;0;0;0;0;1
0;0;0;0;0;0;1
0;0;0;0;0;0;1
0;0;0;0;0;0;1
0;0;0;0;0;0;1
0;0;0;0;0;0;1
0;0;0;0;0;0;1
0;0;0;0;0;0;1
0;0;0;0;0;0;1
0;0;0;0;0;0;1
0;0;0;0;0;0;1
0;0;0;0;0;0;1
0;0;0;0;0;0;1
0;0;0;0;0;0;1
0;0;0;0;0;0;1
0;0;0;0;0;0;1
0;0;0;0;0;0;1
0;0;0;0;0;0;1
0;0;0;0;0;0;1
0;0;0;0;0;0;1
0;0;0;0;0;0;1
0;0;0;0;0;0;1
0;0;0;0;0;0;1
0;0;0;0;0;0;1
0;0;0;0;0;0;1
0;0;0;0;0;0;1
0;0;0;0;0;0;1
0;0;0;0;0;0;1
0;0;0;0;0;0;1
0;0;0;0;0;0;1
0;0;0;0;0;0;1
0;0;0;0;0;0;1
0;0;0;0;0;0;1
0;0;0;0;0;0;1
0;0;0;0;0;0;1
0;0;0;0;0;0;1
0;0;0;0;0;0;1
0;0;0;0;0;0;1
0;0;0;0;0;0;1
0;0;0;0;0;0;1
0;0;0;0;0;0;1
0;0;0;0;0;0;1
0;0;0;0;0;0;1
0;0;0;0;0;0;1
0;0;0;0;0;0;1
0;0;0;0;0;0;1
0;0;0;0;0;0;1
0;0;0;0;0;0;1
0;0;0;0;0;0;1
0;0;0;0;0;0;1
0;0;0;0;0;0;1
0;0;0;0;0;0;1
0;0;0;0;0;0;1
0;0;0;0;0;0;1
0;0;0;0;0;0;1
0;0;0;0;0;0;1
0;0;0;0;0;0;1
0;0;0;0;0;0;1
0;0;0;0;0;0;1
0;0;0;0;0;0;1
0;0;0;0;0;0;1
0;0;0;0;0;0;1
0;0;0;0;0;0;1
0;0;0;0;0;0;1
0;0;0;0;0;0;1
0;0;0;0;0;0;1
0;0;0;0;0;0;1
0;0;0;0;0;0;1
0;0;0;0;0;0;1
0;0;0;0;0;0;1
0;0;0;0;0;0;1
0;0;0;0;0;0;1
0;0;0;0;0;0;1
0;0;0;0;0;0;1
0;0;0;0;0;0;1
0;0;0;0;0;0;1
0;0;0;0;0;0;1
0;0;0;0;0;0;1
0;0;0;0;0;0;1
0;0;0;0;0;0;1
0;0;0;0;0;0;1
0;0;0;0;0;0;1
0;0;0;0;0;0;1
0;0;0;0;0;0;1
0;0;0;0;0;0;1
0;0;0;0;0;0;1
0;0;0;0;0;0;1
0;0;0;0;0;0;1
0;0;0;0;0;0;1
0;0;0;0;0;0;1
0;0;0;0;0;0;1
0;0;0;0;0;0;1
0;0;0;0;0;0;1
0;0;0;0;0;0;1
0;0;0;0;0;0;1
0;0;0;0;0;0;1
0;0;0;0;0;0;1
0;0;0;0;0;0;1
0;0;0;0;0;0;1
0;0;0;0;0;0;1
0;0;0;0;0;0;1
0;0;0;0;0;0;1
0;0;0;0;0;0;1
0;0;0;0;0;0;1
0;0;0;0;0;0;1
0;0;0;0;0;0;1
0;0;0;0;0;0;1
0;0;0;0;0;0;1
0;0;0;0;0;0;1
0;0;0;0;0;0;1
0;0;0;0;0;0;1
0;0;0;0;0;0;1
0;0;0;0;0;0;1
0;0;0;0;0;0;1
0;0;0;0;0;0;1
0;0;0;0;0;0;1
0;0;0;0;0;0;1
0;0;0;0;0;0;1
0;0;0;0;0;0;1
0;0;0;0;0;0;1
0;0;0;0;0;0;1
0;0;0;0;0;0;1
0;0;0;0;0;0;1
0;0;0;0;0;0;1
0;0;0;0;0;0;1
0;0;0;0;0;0;1
0;0;0;0;0;0;1
0;0;0;0;0;0;1
0;0;0;0;0;0;1
0;0;0;0;0;0;1
0;0;0;0;0;0;1
0;0;0;0;0;0;1
0;0;0;0;0;0;1
0;0;0;0;0;0;1
0;0;0;0;0;0;1
0;0;0;0;0;0;1
0;0;0;0;0;0;1
0;0;0;0;0;0;1
0;0;0;0;0;0;1
0;0;0;0;0;0;1
0;0;0;0;0;0;1
0;0;0;0;0;0;1
0;0;0;0;0;0;1
0;0;0;0;0;0;1
0;0;0;0;0;0;1
0;0;0;0;0;0;1
0;0;0;0;0;0;1
0;0;0;0;0;0;1
0;0;0;0;0;0;1
0;0;0;0;0;0;1
0;0;0;0;0;0;1
0;0;0;0;0;0;1
0;0;0;0;0;0;1
0;0;0;0;0;0;1
0;0;0;0;0;0;1
0;0;0;0;0;0;1
0;0;0;0;0;0;1
0;0;0;0;0;0;1
0;0;0;0;0;0;1
0;0;0;0;0;0;1
0;0;0;0;0;0;1
0;0;0;0;0;0;1
0;0;0;0;0;0;1
0;0;0;0;0;0;1
0;0;0;0;0;0;1
0;0;0;0;0;0;1
0;0;0;0;0;0;1
0;0;0;0;0;0;1
0;0;0;0;0;0;1
0;0;0;0;0;0;1
0;0;0;0;0;0;1
0;0;0;0;0;0;1
0;0;0;0;0;0;1
0;0;0;0;0;0;1
0;0;0;0;0;0;1
0;0;0;0;0;0;1
0;0;0;0;0;0;1
0;0;0;0;0;0;1
0;0;0;0;0;0;1
0;0;0;0;0;0;1
0;0;0;0;0;0;1
0;0;0;0;0;0;1
0;0;0;0;0;0;1
0;0;0;0;0;0;1
0;0;0;0;0;0;1
0;0;0;0;0;0;1
0;0;0;0;0;0;1
0;0;0;0;0;0;1
0;0;0;0;0;0;1
0;0;0;0;0;0;1
0;0;0;0;0;0;1
0;0;0;0;0;0;1
0;0;0;0;0;0;1
0;0;0;0;0;0;1
0;0;0;0;0;0;1
0;0;0;0;0;0;1
0;0;0;0;0;0;1
0;0;0;0;0;0;1
0;0;0;0;0;0;1
0;0;0;0;0;0;1
0;0;0;0;0;0;1
0;0;0;0;0;0;1
0;0;0;0;0;0;1
0;0;0;0;0;0;1
0;0;0;0;0;0;1
0;0;0;0;0;0;1
0;0;0;0;0;0;1
0;0;0;0;0;0;1
0;0;0;0;0;0;1
0;0;0;0;0;0;1
0;0;0;0;0;0;1
0;0;0;0;0;0;1
0;0;0;0;0;0;1
0;0;0;0;0;0;1
0;0;0;0;0;0;1
0;0;0;0;0;0;1
0;0;0;0;0;0;1
0;0;0;0;0;0;1
0;0;0;0;0;0;1
0;0;0;0;0;0;1
0;0;0;0;0;0;1
0;0;0;0;0;0;1
0;0;0;0;0;0;1
0;0;0;0;0;0;1
0;0;0;0;0;0;1
0;0;0;0;0;0;1
0;0;0;0;0;0;1
0;0;0;0;0;0;1
0;0;0;0;0;0;1
0;0;0;0;0;0;1
0;0;0;0;0;0;1
0;0;0;0;0;0;1
0;0;0;0;0;0;1
0;0;0;0;0;0;1
0;0;0;0;0;0;1
0;0;0;0;0;0;1
0;0;0;0;0;0;1
0;0;0;0;0;0;1
0;0;0;0;0;0;1
0;0;0;0;0;0;1
0;0;0;0;0;0;1
0;0;0;0;0;0;1
0;0;0;0;0;0;1
0;0;0;0;0;0;1
0;0;0;0;0;0;1
0;0;0;0;0;0;1
0;0;0;0;0;0;1
0;0;0;0;0;0;1
0;0;0;0;0;0;1
0;0;0;0;0;0;1
0;0;0;0;0;0;1
0;0;0;0;0;0;1
0;0;0;0;0;0;1
0;0;0;0;0;0;1
0;0;0;0;0;0;1
0;0;0;0;0;0;1
0;0;0;0;0;0;1
0;0;0;0;0;0;1
0;0;0;0;0;0;1
0;0;0;0;0;0;1
0;0;0;0;0;0;1
0;0;0;0;0;0;1
0;0;0;0;0;0;1
0;0;0;0;0;0;1
0;0;0;0;0;0;1
0;0;0;0;0;0;1
0;0;0;0;0;0;1
0;0;0;0;0;0;1
0;0;0;0;0;0;1
0;0;0;0;0;0;1
0;0;0;0;0;0;1
0;0;0;0;0;0;1
0;0;0;0;0;0;1
0;0;0;0;0;0;1
0;0;0;0;0;0;1
0;0;0;0;0;0;1
0;0;0;0;0;0;1
0;0;0;0;0;0;1
0;0;0;0;0;0;1
0;0;0;0;0;0;1
0;0;0;0;0;0;1
0;0;0;0;0;0;1
0;0;0;0;0;0;1
0;0;0;0;0;0;1
0;0;0;0;0;0;1
0;0;0;0;0;0;1
0;0;0;0;0;0;1
0;0;0;0;0;0;1
0;0;0;0;0;0;1
0;0;0;0;0;0;1
0;0;0;0;0;0;1
0;0;0;0;0;0;1
0;0;0;0;0;0;1
0;0;0;0;0;0;1
0;0;0;0;0;0;1
0;0;0;0;0;0;1
0;0;0;0;0;0;1
0;0;0;0;0;0;1
0;0;0;0;0;0;1
0;0;0;0;0;0;1
0;0;0;0;0;0;1
0;0;0;0;0;0;1
0;0;0;0;0;0;1
0;0;0;0;0;0;1
0;0;0;0;0;0;1
0;0;0;0;0;0;1
0;0;0;0;0;0;1
0;0;0;0;0;0;1
0;0;0;0;0;0;1
0;0;0;0;0;0;1
0;0;0;0;0;0;1
0;0;0;0;0;0;1
0;0;0;0;0;0;1
0;0;0;0;0;0;1
0;0;0;0;0;0;1
0;0;0;0;0;0;1
0;0;0;0;0;0;1
0;0;0;0;0;0;1
0;0;0;0;0;0;1
0;0;0;0;0;0;1
0;0;0;0;0;0;1
0;0;0;0;0;0;1
0;0;0;0;0;0;1
0;0;0;0;0;0;1
0;0;0;0;0;0;1
0;0;0;0;0;0;1
0;0;0;0;0;0;1
0;0;0;0;0;0;1
0;0;0;0;0;0;1
0;0;0;0;0;0;1
0;0;0;0;0;0;1
0;0;0;0;0;0;1
0;0;0;0;0;0;1
0;0;0;0;0;0;1
0;0;0;0;0;0;1
0;0;0;0;0;0;1
0;0;0;0;0;0;1
0;0;0;0;0;0;1
0;0;0;0;0;0;1
0;0;0;0;0;0;1
0;0;0;0;0;0;1
0;0;0;0;0;0;1
0;0;0;0;0;0;1
0;0;0;0;0;0;1
0;0;0;0;0;0;1
0;0;0;0;0;0;1
0;0;0;0;0;0;1
0;0;0;0;0;0;1
0;0;0;0;0;0;1
0;0;0;0;0;0;1
0;0;0;0;0;0;1
0;0;0;0;0;0;1
0;0;0;0;0;0;1
0;0;0;0;0;0;1
0;0;0;0;0;0;1
0;0;0;0;0;0;1
0;0;0;0;0;0;1
0;0;0;0;0;0;1
0;0;0;0;0;0;1
0;0;0;0;0;0;1
0;0;0;0;0;0;1
0;0;0;0;0;0;1
0;0;0;0;0;0;1
0;0;0;0;0;0;1
0;0;0;0;0;0;1
0;0;0;0;0;0;1
0;0;0;0;0;0;1
0;0;0;0;0;0;1
0;0;0;0;0;0;1
0;0;0;0;0;0;1
0;0;0;0;0;0;1
0;0;0;0;0;0;1
0;0;0;0;0;0;1
0;0;0;0;0;0;1
0;0;0;0;0;0;1
0;0;0;0;0;0;1
0;0;0;0;0;0;1
0;0;0;0;0;0;1
0;0;0;0;0;0;1
0;0;0;0;0;0;1
0;0;0;0;0;0;1
0;0;0;0;0;0;1
0;0;0;0;0;0;1
0;0;0;0;0;0;1
0;0;0;0;0;0;1
0;0;0;0;0;0;1
0;0;0;0;0;0;1
0;0;0;0;0;0;1
0;0;0;0;0;0;1
0;0;0;0;0;0;1
0;0;0;0;0;0;1
0;0;0;0;0;0;1
0;0;0;0;0;0;1
0;0;0;0;0;0;1
0;0;0;0;0;0;1
0;0;0;0;0;0;1
0;0;0;0;0;0;1
0;0;0;0;0;0;1
0;0;0;0;0;0;1
0;0;0;0;0;0;1
0;0;0;0;0;0;1
0;0;0;0;0;0;1
0;0;0;0;0;0;1
0;0;0;0;0;0;1
0;0;0;0;0;0;1
0;0;0;0;0;0;1
0;0;0;0;0;0;1
0;0;0;0;0;0;1
0;0;0;0;0;0;1
0;0;0;0;0;0;1
0;0;0;0;0;0;1
0;0;0;0;0;0;1
0;0;0;0;0;0;1
0;0;0;0;0;0;1
0;0;0;0;0;0;1
0;0;0;0;0;0;1
0;0;0;0;0;0;1
0;0;0;0;0;0;1
0;0;0;0;0;0;1
0;0;0;0;0;0;1
0;0;0;0;0;0;1
0;0;0;0;0;0;1
0;0;0;0;0;0;1
0;0;0;0;0;0;1
0;0;0;0;0;0;1
0;0;0;0;0;0;1
0;0;0;0;0;0;1
0;0;0;0;0;0;1
0;0;0;0;0;0;1
0;0;0;0;0;0;1
0;0;0;0;0;0;1
0;0;0;0;0;0;1
0;0;0;0;0;0;1
0;0;0;0;0;0;1
0;0;0;0;0;0;1
0;0;0;0;0;0;1
0;0;0;0;0;0;1
0;0;0;0;0;0;1
0;0;0;0;0;0;1
0;0;0;0;0;0;1
0;0;0;0;0;0;1
0;0;0;0;0;0;1
0;0;0;0;0;0;1
0;0;0;0;0;0;1
0;0;0;0;0;0;1
0;0;0;0;0;0;1
0;0;0;0;0;0;1
0;0;0;0;0;0;1
0;0;0;0;0;0;1
0;0;0;0;0;0;1
0;0;0;0;0;0;1
0;0;0;0;0;0;1
0;0;0;0;0;0;1
0;0;0;0;0;0;1
0;0;0;0;0;0;1
0;0;0;0;0;0;1
0;0;0;0;0;0;1
0;0;0;0;0;0;1
0;0;0;0;0;0;1
0;0;0;0;0;0;1
0;0;0;0;0;0;1
0;0;0;0;0;0;1
0;0;0;0;0;0;1
0;0;0;0;0;0;1
0;0;0;0;0;0;1
0;0;0;0;0;0;1
0;0;0;0;0;0;1
0;0;0;0;0;0;1
0;0;0;0;0;0;1
0;0;0;0;0;0;1
0;0;0;0;0;0;1
